0 0 0 0 0.0269648925198432 0.694680690189224 0 0 0.781180512485446 0 0 0 0 0.619296516938601 0 0 0 0.982520072757681 0 0 0 0 0 0 0 0 0.0325057563004196 0 0 0.0871712642647944 0 0 0.600843916640322 0 0.208434609100394 0 0 0.342525650388784 0 0 0 0 0 0.116795040153847 0 0 0 0 0 0 0 0 0 0 0 0 0 0 0.256355899775859 0 0 0 0 0.814858939693049 0 0 0 0 0 0 0 0 0.992045724229743 0 0 0 0 0 0.526032019298506 0 0 0.505486702873662 0 0 0 0 0 0 0 0 0 0 0.633073721042547 0 0 0 0 0 0 0
0 0 0 0 0 0 0 0 0 0.952537892564904 0.132446494162306 0.918540277183324 0 0 0 0 0 0 0 0 0 0 0 0.0079944178231076 0 0 0 0 0 0 0.516758789693919 0 0 0.151683664765383 0.228563940803719 0 0 0 0 0 0.628847605523217 0 0 0.989428056049892 0 0 0 0 0 0 0 0 0 0 0 0 0 0 0 0 0 0 0 0 0 0 0 0 0 0 0.648786144106721 0.760163939277572 0 0.912778458048629 0 0 0 0 0.770964128756565 0 0 0 0 0 0 0 0 0 0 0 0.454705365544714 0 0 0 0 0 0 0 0.927125249989715 0
0 0 0 0 0 0.401137793763936 0 0 0.203582837445913 0 0 0 0 0 0 0 0 0 0 0 0 0 0.47008299389728 0 0 0 0 0 0 0 0 0 0 0.162353466932867 0 0.143837507913211 0 0.420154639231852 0.347911796266488 0.636607524023161 0.967250903688177 0 0 0 0 0 0 0 0 0 0 0 0 0 0 0 0 0 0 0 0 0 0 0 0 0 0 0 0.785849228044718 0 0 0 0 0 0 0.363892138402677 0 0 0.785639702730138 0 0 0 0 0.265869529520792 0 0 0 0 0 0 0.101846765865835 0 0 0 0 0 0 0 0 0.312670726182525
0 0 0 0 0 0.819062126679998 0 0 0 0.0721476020427428 0.280605558271748 0 0 0 0 0 0 0 0 0.529827812405952 0.345359612203346 0.51972095543357 0 0 0 0 0.395081046351722 0 0.626325427614358 0.966032943539626 0 0 0 0 0.437953538679446 0 0 0 0 0 0 0 0 0 0 0 0 0 0 0 0 0 0.292611959216784 0.162650320979153 0.701987153735825 0 0 0 0 0 0.79113670729477 0 0 0 0 0 0 0 0 0.374909859585742 0 0 0 0 0 0 0 0 0.848220901387335 0.173166689110886 0 0 0.626083453174913 0 0 0 0 0 0.562816478810641 0 0.610660026677433 0 0 0 0 0.220951543597525 0 0.0027814827157708 0 0
0.0269648925198432 0 0 0 0 0 0 0 0 0 0 0 0 0 0 0 0 0.171180558086207 0 0 0 0 0 0 0 0 0 0.0791239166748094 0 0 0 0.867340025885734 0 0 0.173626988566913 0 0 0 0 0.823382548919025 0 0 0 0 0 0 0 0 0.844002492014337 0 0.38724420429252 0 0.705426815161765 0.353881131048005 0 0 0 0 0.76385692699751 0 0.895519250984476 0.516991321593318 0 0 0 0 0 0.82057705760333 0.862401661945585 0 0 0.494527556327381 0 0 0 0 0 0.114644862257781 0.618275592394812 0 0 0 0.401531373688542 0.505356367713594 0.606903763031368 0 0 0 0.775063645601825 0 0 0 0 0 0 0 0 0 0 0
0.694680690189224 0 0.401137793763936 0.819062126679998 0 0 0 0 0 0 0 0 0 0 0.571915567969737 0 0 0 0 0.379264991761135 0 0.296245687104648 0 0 0 0 0.909613149053309 0 0 0 0.560755176047938 0 0.047865405724612 0 0 0.783681493299073 0 0.816421299760238 0 0 0 0.778754983047665 0.681663612132901 0.299360722610997 0 0 0 0 0 0 0 0 0 0.54225988994032 0 0 0 0 0 0.327161252881201 0 0.507297763159158 0 0 0.111998970130534 0 0 0.120777208918602 0 0 0.050715297037498 0.930544836504779 0 0 0 0 0 0 0 0 0 0.577167266892606 0 0 0 0 0 0 0 0 0 0.568029407324627 0 0 0 0 0.294571293802571 0 0 0
0 0 0 0 0 0 0 0 0 0.615522993649781 0 0 0 0 0 0 0 0 0 0 0 0 0 0 0 0.361122514189037 0 0 0 0 0 0 0 0 0 0 0 0 0 0 0 0 0 0 0 0 0 0 0 0 0 0 0 0 0 0 0 0 0 0 0 0 0 0 0 0 0 0 0 0 0 0 0 0 0 0 0 0 0 0 0 0 0 0 0 0 0 0 0 0 0 0.876859667262118 0 0 0 0.473287359905733 0 0 0 0
0 0 0 0 0 0 0 0 0 0 0 0.60160659690234 0 0 0 0 0 0 0 0 0.698467429629085 0 0 0 0 0 0 0 0 0 0 0 0 0 0.981828511864476 0 0 0 0 0 0 0 0 0 0 0 0 0 0.350357063669529 0 0 0 0 0.695001591514022 0 0.333095696676465 0.272137721299524 0 0 0 0 0 0 0 0 0 0 0 0 0 0.689464720283679 0 0 0 0 0 0 0 0 0 0 0 0 0 0 0 0.562990989469158 0 0 0 0 0 0 0 0 0 0 0 0 0
0.781180512485446 0 0.203582837445913 0 0 0 0 0 0 0 0 0 0.421389062150817 0 0 0 0 0 0 0 0 0.555789256976163 0 0.310270692845985 0 0 0 0 0 0 0 0 0 0 0 0 0.342712339636801 0 0 0 0.990259477640188 0 0 0 0 0.217521513615913 0 0 0 0.00456643707695571 0.0749416083636336 0.840599139072078 0 0.345682904448675 0 0 0 0 0 0 0.521414288987841 0 0 0 0 0 0 0.800418613796528 0 0 0 0 0 0.409164540657201 0 0 0 0 0 0 0 0.616767898476096 0 0 0 0 0 0.879653046759198 0 0 0 0 0 0 0 0 0.824128695447779 0 0 0
0 0.952537892564904 0 0.0721476020427428 0 0 0.615522993649781 0 0 0 0 0 0 0 0 0 0.510713358732036 0 0.894716089899558 0 0 0 0.467396417088647 0 0 0.546874858175698 0 0 0 0 0.141671090555381 0 0 0 0 0 0 0.290427376092419 0 0 0.239274004877115 0 0 0.273293342289961 0 0.408910845253917 0 0 0.927553940560285 0 0 0 0 0 0 0.823774056752119 0 0.716125355744502 0 0 0 0 0.680832574837659 0 0.0399239584634684 0 0 0 0 0 0.713824837993483 0 0 0 0 0.389101458483281 0 0 0.802857814960628 0 0 0 0 0 0 0 0 0.0820085864317781 0.61171272731863 0 0 0 0 0 0 0 0 0.862109848748443 0.2110403626515 0
0 0.132446494162306 0 0.280605558271748 0 0 0 0 0 0 0 0.0941121523807028 0 0.95403866606699 0 0.016193157528525 0.567072111494977 0 0.0331948534729021 0 0 0 0 0.336036228691353 0 0.919496770090823 0 0 0.740885233567399 0.323641032600255 0 0.2674269829022 0 0 0 0.729853479992873 0 0 0 0 0 0 0 0 0 0 0 0 0 0 0 0 0 0 0.616131858113198 0 0 0.898037185395945 0 0 0 0 0 0 0 0.625124215932838 0 0.196203885625444 0 0 0 0 0 0 0 0 0 0 0 0 0 0 0 0 0 0 0 0 0 0.768532188083963 0.826936258087615 0 0 0 0 0 0 0 0 0
0 0.918540277183324 0 0 0 0 0 0.60160659690234 0 0 0.0941121523807028 0 0 0 0 0 0.907225533113374 0.205453590306991 0 0 0 0 0 0 0 0 0 0 0 0.843419482953321 0.551607217723282 0 0 0 0 0 0.651954302333073 0 0 0 0.0262582326207791 0 0 0 0 0 0 0 0 0.59042352125626 0.169490512555752 0 0 0 0 0 0 0 0 0 0 0 0.504010535660058 0 0 0 0.825604891308565 0.364606833787563 0 0 0 0.17467141131617 0.388082013999417 0 0 0 0 0 0 0.299126716123464 0 0 0.430905254379515 0 0 0.481063269697035 0 0 0.995946941381842 0 0 0 0 0 0 0 0 0 0.265747887068647 0
0 0 0 0 0 0 0 0 0.421389062150817 0 0 0 0 0 0 0 0 0 0 0 0 0.257220820310597 0 0 0 0 0 0 0 0 0 0 0 0.64245370346799 0.435426813582189 0.560389700808238 0 0 0 0.0162048389122267 0 0.941763813070013 0 0 0 0 0 0 0 0.930255762895543 0.730958676358126 0.896544561642097 0 0 0.459582282229172 0 0 0 0 0 0 0 0 0 0 0 0 0 0 0 0.676260488790529 0.404208579198144 0 0 0.656433521562073 0 0 0 0 0 0 0 0 0 0 0.710289431986095 0.285911117561687 0 0 0 0 0 0 0 0.45143408956404 0 0.375413612318142 0 0 0
0.619296516938601 0 0 0 0 0 0 0 0 0 0.95403866606699 0 0 0 0 0 0 0 0 0.531405741136838 0.832376148043916 0 0.481663527354868 0 0 0 0 0 0.453250252747268 0 0 0 0 0 0.570224130167902 0.527527298580867 0.111075112445876 0 0.863657435353471 0.460386818507622 0 0.256397019088358 0 0 0.212878272036987 0 0 0 0 0 0 0.342102937551269 0.504957406076513 0 0.84393135643741 0 0 0 0 0 0 0 0 0 0.0832265639067119 0.931194153786189 0 0.0689605177099706 0 0 0.722889433571017 0 0 0 0.212294985452983 0 0 0 0.771282010066945 0 0.691919217101044 0 0 0 0 0.321550899971202 0.557202845935029 0 0 0.53790890071652 0.91960046633611 0 0 0 0.588335772984455 0 0.559160147452718 0 0 0
0 0 0 0 0 0.571915567969737 0 0 0 0 0 0 0 0 0 0.41041385122876 0 0 0 0 0 0.357184624740263 0 0.397990743114329 0 0 0 0.735098142058399 0 0 0 0 0 0 0 0 0 0.352177841457198 0 0 0 0 0 0.618667222298708 0 0 0 0 0 0 0.487773836372574 0.237368673767342 0 0 0 0 0.501225335340965 0 0 0 0 0 0 0 0 0 0 0 0 0 0 0 0 0 0.729069883734069 0.719103633731142 0 0 0 0 0 0 0 0 0.498684612578587 0 0 0 0 0.92246992969729 0 0 0 0 0.669007790481554 0 0.151738484831656 0 0 0
0 0 0 0 0 0 0 0 0 0 0.016193157528525 0 0 0 0.41041385122876 0 0 0.846665632759703 0 0.108044329252266 0 0 0 0.551223118249565 0 0 0 0 0 0.550824751875566 0 0 0.010003188303646 0 0 0.854000045343544 0 0 0 0.113356070235687 0 0.6766735566767 0 0 0 0 0 0 0 0 0 0.288702142282241 0 0 0 0 0 0 0 0 0 0 0 0 0.851079637700259 0 0 0 0 0 0 0.0783698165795415 0.0950818862627851 0 0 0 0.163909752404238 0 0 0 0 0 0 0 0.727994419901578 0 0 0 0 0 0 0 0 0 0 0 0 0.741888368148641 0 0
0 0 0 0 0 0 0 0 0 0.510713358732036 0.567072111494977 0.907225533113374 0 0 0 0 0 0.45895720117236 0.703809650724674 0 0.900238876526555 0 0.150460883064915 0 0 0 0 0.819887120637008 0 0 0 0 0 0 0.230955600788719 0 0 0.470204763975954 0 0 0 0 0 0.45043844877598 0 0 0 0.888898315388178 0 0 0 0 0 0 0 0 0 0 0 0 0 0 0.366110074181343 0 0 0 0 0.263100757929149 0 0 0 0 0 0 0 0 0 0 0 0 0 0 0 0 0 0 0 0 0 0 0 0 0 0 0 0 0 0 0 0.139725377955919
0.982520072757681 0 0 0 0.171180558086207 0 0 0 0 0 0 0.205453590306991 0 0 0 0.846665632759703 0.45895720117236 0 0 0 0 0.0213813518897034 0 0.486967308421068 0.0289782871149891 0.3202091175679 0 0 0 0 0 0 0 0 0 0 0 0 0 0 0.118667662682178 0 0 0 0 0.230671840105233 0 0 0 0 0 0 0 0.898948364843994 0 0 0 0 0 0 0 0.755626375149943 0 0.312046436939707 0 0 0.417623672282699 0 0 0 0.452384639790194 0 0 0 0.803344273512552 0.290171691830487 0 0 0 0 0 0.104078478993561 0 0 0 0 0 0.708594226499532 0 0 0 0 0 0 0 0 0 0 0.872843910684841 0
0 0 0 0 0 0 0 0 0 0.894716089899558 0.0331948534729021 0 0 0 0 0 0.703809650724674 0 0 0 0 0 0 0.556079194382499 0 0 0 0 0.729409826319371 0 0 0 0 0 0.786573148177233 0.919562119250858 0 0 0 0 0 0 0 0 0 0 0 0.913017335837429 0 0 0.488929450062966 0 0 0.961025450282042 0 0 0 0 0 0 0 0.612236388000132 0 0 0 0 0 0.436922655292239 0.832801031683914 0 0 0 0.287440400291082 0 0.990494720387259 0.625318368153683 0 0.669523330584889 0 0 0 0 0 0 0 0 0 0 0 0.954475393709953 0.82174379767624 0 0 0.011733731809503 0 0 0 0 0 0
0 0 0 0.529827812405952 0 0.379264991761135 0 0 0 0 0 0 0 0.531405741136838 0 0.108044329252266 0 0 0 0 0 0 0 0 0 0 0 0 0 0.149762634119164 0 0 0.868617515784746 0 0.209274582545499 0.293350821115333 0.326428392310132 0 0 0.940739450802897 0 0 0.798325020405533 0 0 0 0.10901783457681 0 0 0 0 0 0 0 0 0 0.184725008560771 0 0 0 0.543221771975161 0 0.927171429935314 0 0 0 0 0 0 0 0 0 0 0 0.338050080677828 0 0 0 0 0 0 0 0 0 0 0 0 0 0 0 0 0 0.804545647880448 0 0 0 0.601414127749604 0 0 0
0 0 0 0.345359612203346 0 0 0 0.698467429629085 0 0 0 0 0 0.832376148043916 0 0 0.900238876526555 0 0 0 0 0 0 0.149054315507924 0 0 0 0 0 0 0 0 0.44498930328187 0 0.518138917411476 0 0 0 0 0 0 0 0 0 0 0.570535550947667 0 0 0.917440739627866 0 0.0152723733185451 0.950866314775673 0 0 0.100425285219927 0 0 0 0 0 0 8.35346807167728e-05 0 0.260045941676778 0 0 0 0 0 0.0862236470844012 0 0 0 0 0 0 0 0 0.724890534475282 0 0 0 0 0 0 0 0 0 0.449711784963576 0 0 0 0 0 0 0 0 0 0 0
0 0 0 0.51972095543357 0 0.296245687104648 0 0 0.555789256976163 0 0 0 0.257220820310597 0 0.357184624740263 0 0 0.0213813518897034 0 0 0 0 0 0.938900812801716 0 0.786604882067105 0 0 0 0 0 0 0 0 0 0 0 0 0 0 0 0 0 0 0.732382048479482 0 0 0.545338511433288 0 0 0 0 0 0 0.436630891801483 0 0 0.11078513587053 0 0 0 0 0.42680183042748 0 0 0 0 0 0 0 0 0 0 0 0 0 0 0.921774203992618 0 0.654580492997499 0 0 0.143381166693966 0 0 0.769118565406419 0 0 0 0 0 0.554403358728637 0 0.0297318512861297 0.862087949533301 0 0 0.459777123905138 0.294001150825167 0
0 0 0.47008299389728 0 0 0 0 0 0 0.467396417088647 0 0 0 0.481663527354868 0 0 0.150460883064915 0 0 0 0 0 0 0 0 0 0 0.0718600423615395 0 0.84896860475919 0 0 0 0 0 0 0 0 0.79587465523694 0 0 0.209298708924585 0 0 0 0 0 0 0 0.79742190272042 0 0.675375258124623 0 0.039762121076427 0.945082998122639 0 0 0 0.232905167061418 0 0 0 0 0 0 0 0 0 0 0 0.362300058824738 0 0 0 0 0 0 0.0965486446731953 0.117837528185063 0 0 0 0 0 0 0 0 0 0 0.324027239910831 0.179701070483891 0 0 0 0 0 0 0 0 0
0 0.0079944178231076 0 0 0 0 0 0 0.310270692845985 0 0.336036228691353 0 0 0 0.397990743114329 0.551223118249565 0 0.486967308421068 0.556079194382499 0 0.149054315507924 0.938900812801716 0 0 0 0 0.836937643872469 0.647411091021474 0 0.975644986560867 0 0.791804794765813 0 0 0 0 0 0 0 0 0 0 0 0 0 0 0 0 0 0 0 0 0 0.134862346061446 0 0 0 0 0 0 0 0.210252577087928 0 0 0 0 0 0 0 0 0.734498469701015 0 0 0 0 0 0 0 0 0 0.0904033914203379 0 0 0 0 0.339302270988344 0 0 0 0 0 0 0 0 0 0 0 0.222950504168476 0.592875869292295 0
0 0 0 0 0 0 0 0 0 0 0 0 0 0 0 0 0 0.0289782871149891 0 0 0 0 0 0 0 0 0 0.795346919853871 0.81391462894857 0.979893109803481 0 0 0 0 0 0.735904217605315 0 0 0.434898421282558 0.459646550869059 0 0 0 0.511671555301719 0.671488434360239 0 0 0 0 0 0.509292947194563 0 0 0 0 0 0.918517204041846 0 0 0 0.0883562046888001 0.469393544209729 0 0 0.804702124228559 0 0 0 0 0 0 0 0 0 0 0 0 0 0 0 0 0 0.379237320252898 0 0 0 0 0 0 0.246980287362941 0 0 0 0 0 0 0 0 0 0
0 0 0 0 0 0 0.361122514189037 0 0 0.546874858175698 0.919496770090823 0 0 0 0 0 0 0.3202091175679 0 0 0 0.786604882067105 0 0 0 0 0 0 0.339452791142377 0.545270999922037 0 0 0.497628435786802 0 0 0 0.427315570047247 0 0 0 0 0 0.596450940038737 0 0 0.082240211196174 0 0 0 0 0.207940215887843 0 0 0 0 0 0 0 0.924471818558185 0 0 0 0.773735063935738 0 0 0 0 0 0.451147383227482 0 0 0 0 0 0 0 0 0 0.782694983727235 0 0.699994023765482 0 0 0 0.501049712002141 0 0 0 0 0 0 0 0 0 0 0 0 0.478238039892302 0 0
0.0325057563004196 0 0 0.395081046351722 0 0.909613149053309 0 0 0 0 0 0 0 0 0 0 0 0 0 0 0 0 0 0.836937643872469 0 0 0 0 0 0 0 0 0 0 0.864351896968175 0 0.188379028707679 0 0 0 0 0 0 0 0 0.0866948513452526 0 0 0 0 0.12376412918724 0.279570020142242 0 0 0.40128156158115 0 0 0 0 0 0 0 0 0 0.00412462119813638 0 0 0 0 0.10303951720213 0 0 0 0 0 0 0.45723584607814 0 0 0 0 0 0 0 0 0 0 0 0.368942281595079 0 0 0 0 0 0 0 0.102511702710961 0 0 0
0 0 0 0 0.0791239166748094 0 0 0 0 0 0 0 0 0 0.735098142058399 0 0.819887120637008 0 0 0 0 0 0.0718600423615395 0.647411091021474 0.795346919853871 0 0 0 0 0 0.0987650593782385 0 0.248234423360803 0 0 0 0 0 0 0 0 0 0.616883436790346 0 0 0 0 0 0 0 0 0.0238509816677381 0 0 0.0266510194790052 0 0 0 0 0 0 0 0.917213976981055 0 0 0 0 0 0 0.239698711637217 0 0 0 0 0 0 0 0 0 0 0 0 0 0 0 0 0 0.472343783580776 0 0 0.49222201781582 0 0 0 0 0.983960348675377 0 0 0 0
0 0 0 0.626325427614358 0 0 0 0 0 0 0.740885233567399 0 0 0.453250252747268 0 0 0 0 0.729409826319371 0 0 0 0 0 0.81391462894857 0.339452791142377 0 0 0 0 0.517540264589236 0 0.39119868085757 0 0 0.29375299825406 0 0 0 0.982945960925324 0 0 0.494790090798705 0.493558253755866 0 0 0 0 0.504162852990385 0.733170903458196 0 0 0 0 0 0 0.231308529618851 0.0620067609397536 0 0 0 0 0.700608266255633 0.916472393566102 0 0.529244554143463 0 0.0649585132398078 0 0 0 0 0 0 0 0 0 0 0 0.33124562835137 0 0 0 0 0 0 0 0.814743220475772 0 0 0 0 0 0 0.384074909355988 0 0.843497164564123 0 0 0.706133474212071
0.0871712642647944 0 0 0.966032943539626 0 0 0 0 0 0 0.323641032600255 0.843419482953321 0 0 0 0.550824751875566 0 0 0 0.149762634119164 0 0 0.84896860475919 0.975644986560867 0.979893109803481 0.545270999922037 0 0 0 0 0 0 0 0.659840551846932 0 0 0.828184331989716 0 0 0 0 0 0 0 0 0 0.111821611584982 0 0 0 0 0 0.975892252839584 0 0 0 0 0 0 0 0 0 0.474335272075391 0 0 0 0 0 0 0.270216255481069 0 0 0 0 0 0 0 0 0.828364313900456 0.541631460985683 0.0539015344658005 0 0 0 0 0 0 0 0.414356937907844 0.574274486990604 0 0 0 0 0 0 0 0 0 0
0 0.516758789693919 0 0 0 0.560755176047938 0 0 0 0.141671090555381 0 0.551607217723282 0 0 0 0 0 0 0 0 0 0 0 0 0 0 0 0.0987650593782385 0.517540264589236 0 0 0 0 0 0 0 0 0 0 0 0.366590033184322 0 0 0 0.237453095106514 0 0 0 0 0 0.879402643017473 0 0.276445402861943 0 0 0 0 0.915057283522623 0 0 0 0.196257851886821 0 0 0 0 0 0 0 0 0 0 0 0 0 0 0.768511172790522 0 0.267727397737415 0 0.765077146385289 0 0 0 0.165840481217097 0 0 0 0 0 0 0 0 0 0 0.543534541669327 0 0 0 0
0 0 0 0 0.867340025885734 0 0 0 0 0 0.2674269829022 0 0 0 0 0 0 0 0 0 0 0 0 0.791804794765813 0 0 0 0 0 0 0 0 0 0.9421542351576 0 0 0.200889375970828 0 0 0 0.547394418691842 0 0 0.519379787307138 0 0 0.325925383415972 0 0.267042319830161 0 0 0 0 0 0 0 0 0 0 0 0 0 0 0.317313469886839 0 0 0 0 0 0 0 0 0.0674936416330661 0 0 0 0.119595114881835 0.680839491479893 0 0 0 0 0 0.0472736199156611 0 0 0 0.819437341819006 0 0.958627858610628 0 0 0 0 0 0 0 0.282932091439352 0 0
0.600843916640322 0 0 0 0 0.047865405724612 0 0 0 0 0 0 0 0 0 0.010003188303646 0 0 0 0.868617515784746 0.44498930328187 0 0 0 0 0.497628435786802 0 0.248234423360803 0.39119868085757 0 0 0 0 0 0 0 0 0 0 0 0.024331702886056 0 0 0 0 0 0 0 0 0 0 0 0 0 0 0 0 0 0 0 0 0 0.89970763044093 0 0 0 0 0 0 0 0 0 0 0 0 0 0.758895825747516 0.624708415811007 0 0 0 0 0 0 0 0 0.822279973417424 0.316744913556962 0 0 0 0 0 0 0 0.353240981357592 0 0 0 0.709240611130729
0 0.151683664765383 0.162353466932867 0 0 0 0 0 0 0 0 0 0.64245370346799 0 0 0 0 0 0 0 0 0 0 0 0 0 0 0 0 0.659840551846932 0 0.9421542351576 0 0 0 0 0 0 0.0556021234581827 0 0 0 0 0 0 0 0 0 0 0 0.777899306874136 0.354734909786171 0 0 0 0.0617465327511603 0 0.248718075664332 0 0 0 0 0 0.284827141862089 0 0 0 0 0.901389449937183 0 0 0 0 0 0 0 0 0.442617616825495 0 0.158833250071547 0 0 0 0.792846042623265 0.00668673325339978 0 0 0 0 0 0.352218556350262 0 0 0 0 0 0 0 0 0
0.208434609100394 0.228563940803719 0 0.437953538679446 0.173626988566913 0 0 0.981828511864476 0 0 0 0 0.435426813582189 0.570224130167902 0 0 0.230955600788719 0 0.786573148177233 0.209274582545499 0.518138917411476 0 0 0 0 0 0.864351896968175 0 0 0 0 0 0 0 0 0 0.10726112196499 0 0 0 0 0 0 0 0 0 0.919176289070177 0 0.958956429683445 0 0 0 0.722425429712323 0 0 0.00581852302337094 0 0.304591314833894 0 0 0 0 0 0 0 0 0 0 0 0 0 0 0 0 0 0.662580732678494 0 0 0.432680050815811 0 0 0 0 0 0.391209366997499 0 0 0 0 0 0 0 0 0 0 0 0 0.844430288980459 0 0
0 0 0.143837507913211 0 0 0.783681493299073 0 0 0 0 0.729853479992873 0 0.560389700808238 0.527527298580867 0 0.854000045343544 0 0 0.919562119250858 0.293350821115333 0 0 0 0 0.735904217605315 0 0 0 0.29375299825406 0 0 0 0 0 0 0 0 0 0 0 0 0 0 0 0 0 0.536726017993871 0 0 0 0 0 0.424606388635352 0 0 0 0 0 0.618938948593172 0 0 0.412066783746226 0 0 0 0 0 0 0 0 0 0 0 0.136755644541142 0.519789104277807 0.806986938657777 0 0 0 0 0 0 0 0 0 0 0 0 0 0 0.951395997948602 0 0 0 0 0.0411540418845683 0 0 0.355760243192032 0
0 0 0 0 0 0 0 0 0.342712339636801 0 0 0.651954302333073 0 0.111075112445876 0 0 0 0 0 0.326428392310132 0 0 0 0 0 0.427315570047247 0.188379028707679 0 0 0.828184331989716 0 0.200889375970828 0 0 0.10726112196499 0 0 0 0 0 0.436629259484576 0.584154773671235 0 0 0 0.880980767524817 0 0 0 0 0 0 0 0 0 0.826476380737121 0 0 0 0 0.324918077570948 0 0 0 0 0 0 0 0 0 0 0 0 0 0 0 0 0 0 0 0 0.182010237216942 0 0 0.032449769687144 0 0 0.0963696429168299 0 0 0 0 0 0 0.671092469188431 0 0.327646813826508 0 0 0
0.342525650388784 0 0.420154639231852 0 0 0.816421299760238 0 0 0 0.290427376092419 0 0 0 0 0.352177841457198 0 0.470204763975954 0 0 0 0 0 0 0 0 0 0 0 0 0 0 0 0 0 0 0 0 0 0 0 0 0 0 0 0 0.954604871020615 0 0 0 0 0 0 0 0.060059815611038 0 0 0 0 0 0 0 0 0 0 0 0.373790084713748 0 0 0 0 0 0 0 0 0 0.615991401795976 0.11370654741796 0 0 0 0.0472873339068222 0 0 0 0.910908849531049 0.841516780222236 0 0 0.97744563735401 0 0 0 0 0 0 0 0.498245805122549 0 0 0.581992890375525
0 0 0.347911796266488 0 0 0 0 0 0 0 0 0 0 0.863657435353471 0 0 0 0 0 0 0 0 0.79587465523694 0 0.434898421282558 0 0 0 0 0 0 0 0 0.0556021234581827 0 0 0 0 0 0 0 0 0 0 0 0 0 0 0 0 0 0 0 0 0 0 0.167913438829877 0 0 0 0 0 0 0.168321536737275 0.644972755542861 0 0 0.393729932811776 0 0 0 0 0 0 0.823900797805802 0 0 0 0 0 0 0 0 0 0 0 0 0 0 0 0 0.51661169530343 0.99703553160219 0 0 0 0 0.544868278738282 0.128562377887608 0
0 0 0.636607524023161 0 0.823382548919025 0 0 0 0 0 0 0 0.0162048389122267 0.460386818507622 0 0.113356070235687 0 0 0 0.940739450802897 0 0 0 0 0.459646550869059 0 0 0 0.982945960925324 0 0 0 0 0 0 0 0 0 0 0 0 0.0570407949316687 0 0.55345446357686 0 0 0 0.42118504592843 0 0 0 0 0.527013453749193 0 0 0 0.133491561348467 0 0 0 0 0 0 0 0 0 0.485180718410039 0 0 0 0 0 0.477154493582555 0 0 0 0 0 0 0 0 0.625719377693012 0 0 0 0 0 0.685993966030005 0 0 0.389192497649807 0 0.744035276142872 0 0 0.447547242140406 0 0 0 0
0 0.628847605523217 0.967250903688177 0 0 0 0 0 0.990259477640188 0.239274004877115 0 0.0262582326207791 0 0 0 0 0 0.118667662682178 0 0 0 0 0 0 0 0 0 0 0 0 0.366590033184322 0.547394418691842 0.024331702886056 0 0 0 0.436629259484576 0 0 0 0 0 0 0 0 0 0 0 0 0 0 0 0.147159885330016 0.329191689385467 0 0 0 0 0 0 0 0 0 0 0 0.530143021911739 0 0 0 0 0 0.363147538707172 0 0 0 0 0.978403235477151 0 0 0 0 0 0 0 0 0 0 0 0 0 0 0 0.845134717518064 0 0 0.553093261130803 0 0 0.661440873893779 0
0 0 0 0 0 0.778754983047665 0 0 0 0 0 0 0.941763813070013 0.256397019088358 0 0.6766735566767 0 0 0 0 0 0 0.209298708924585 0 0 0 0 0 0 0 0 0 0 0 0 0 0.584154773671235 0 0 0.0570407949316687 0 0 0 0 0 0 0 0 0 0.309757203345518 0 0 0 0.400125802414029 0 0 0.503998722064128 0 0 0.257256968454007 0 0 0 0 0 0 0 0 0 0.00507763710672547 0.694308607592725 0 0 0 0 0 0 0 0.159852916862025 0 0 0 0 0 0 0 0 0 0 0 0 0.779903715305884 0 0.610457008727107 0 0 0 0 0 0
0 0 0 0 0 0.681663612132901 0 0 0 0 0 0 0 0 0 0 0 0 0 0.798325020405533 0 0 0 0 0 0.596450940038737 0 0.616883436790346 0.494790090798705 0 0 0 0 0 0 0 0 0 0 0 0 0 0 0 0 0 0 0.719930325976364 0 0 0 0.331338241011474 0.454854750763746 0 0.924485625612961 0 0 0 0 0 0 0 0 0 0.0184269946931824 0 0 0 0 0 0 0 0 0 0 0.353467447630657 0.461361953930398 0 0.157515385294164 0 0 0.11416792545668 0 0 0 0 0.481893983162961 0 0 0 0.143285947157919 0 0 0 0 0 0 0.44682183975733 0.10757000178838 0
0.116795040153847 0.989428056049892 0 0 0 0.299360722610997 0 0 0 0.273293342289961 0 0 0 0 0.618667222298708 0 0.45043844877598 0 0 0 0 0 0 0 0.511671555301719 0 0 0 0.493558253755866 0 0 0.519379787307138 0 0 0 0 0 0 0 0.55345446357686 0 0 0 0 0 0.197575250971925 0 0 0 0 0 0 0 0.344843933956061 0.213645619070244 0 0 0 0 0 0 0 0 0.958173395012662 0.656420524697288 0 0 0 0 0 0 0 0 0 0 0 0.548241845307599 0 0.681585755034272 0 0 0 0 0 0 0 0 0 0.524346033587739 0.786883178090667 0 0 0.78039680323192 0.702166275591456 0 0 0.477494270260907 0 0.627629549405177 0
0 0 0 0 0 0 0 0 0 0 0 0 0 0.212878272036987 0 0 0 0 0 0 0 0.732382048479482 0 0 0.671488434360239 0 0 0 0 0 0.237453095106514 0 0 0 0 0 0 0 0 0 0 0 0 0 0 0 0.607103155705513 0 0 0 0 0 0 0 0 0 0 0 0 0 0.294696503151611 0 0 0 0 0 0.523084035858696 0 0 0 0 0.0982438276029082 0 0 0 0 0 0 0 0 0 0 0 0 0 0 0 0.535076975972124 0 0.565275569709267 0 0 0 0 0 0 0 0 0 0
0 0 0 0 0 0 0 0 0.217521513615913 0.408910845253917 0 0 0 0 0 0 0 0.230671840105233 0 0 0.570535550947667 0 0 0 0 0.082240211196174 0.0866948513452526 0 0 0 0 0 0 0 0 0 0.880980767524817 0.954604871020615 0 0 0 0 0 0.197575250971925 0 0 0 0 0 0 0 0 0 0 0 0 0 0 0 0 0 0 0 0.915812532179851 0 0.223961070036925 0 0 0.439171627154302 0.129259505089142 0.638340001245637 0 0 0 0 0 0 0 0 0.772050039913448 0.512276402679494 0 0.664770135237892 0 0 0 0 0 0 0 0 0 0.275446878723265 0 0.920521662252498 0 0.362173363683618 0 0 0
0 0 0 0 0 0 0 0 0 0 0 0 0 0 0 0 0 0 0 0.10901783457681 0 0 0 0 0 0 0 0 0 0.111821611584982 0 0.325925383415972 0 0 0.919176289070177 0.536726017993871 0 0 0 0 0 0 0 0 0.607103155705513 0 0 0 0.908882561151388 0 0 0 0.0499846236983549 0 0 0 0 0 0 0 0.00279252815691918 0.440991147153792 0 0.399607309198314 0 0 0 0 0 0 0 0 0 0 0 0 0 0 0 0.422562655898147 0.73682612550517 0 0 0 0 0 0 0 0 0 0 0 0 0 0 0 0 0 0 0
0 0 0 0 0 0 0 0 0 0 0 0 0 0 0 0 0.888898315388178 0 0.913017335837429 0 0 0.545338511433288 0 0 0 0 0 0 0 0 0 0 0 0 0 0 0 0 0 0.42118504592843 0 0 0.719930325976364 0 0 0 0 0 0 0 0 0 0 0 0 0 0 0 0 0 0.834939428787926 0 0.642454285680832 0 0 0 0 0 0 0 0 0 0 0.0898333540119348 0 0 0 0 0 0.454504046906924 0 0 0 0 0 0.0780395232007912 0 0 0 0.488011832728494 0.1464148617306 0 0 0 0 0.694929921741054 0 0 0 0
0 0 0 0 0.844002492014337 0 0 0.350357063669529 0 0.927553940560285 0 0 0 0 0 0 0 0 0 0 0.917440739627866 0 0 0 0 0 0 0 0.504162852990385 0 0 0.267042319830161 0 0 0.958956429683445 0 0 0 0 0 0 0 0 0 0 0 0.908882561151388 0 0 0.346542620555362 0 0 0 0 0 0.62968661684498 0.643916878918099 0 0 0 0 0 0 0 0 0 0.716547256764152 0 0.573290245751335 0.554172218590416 0.12895557330754 0.551725439282786 0 0 0 0.247292898422866 0 0 0 0 0 0 0.986353631409887 0 0 0 0 0 0 0.374824949682641 0 0.162511800509214 0 0 0 0 0 0 0 0
0 0 0 0 0 0 0 0 0.00456643707695571 0 0 0.59042352125626 0.930255762895543 0 0 0 0 0 0 0 0 0 0.79742190272042 0 0 0 0 0 0.733170903458196 0 0 0 0 0 0 0 0 0 0 0 0 0.309757203345518 0 0 0 0 0 0 0.346542620555362 0 0 0 0 0.397189451305491 0 0 0 0.289585024622638 0 0 0 0 0 0 0 0 0.593700626162102 0.8263853071139 0 0 0 0 0 0 0.662833288619026 0 0 0 0 0 0 0 0 0 0 0.0568052359740972 0 0 0 0.82363337802757 0 0 0.100279036487487 0.887235094228803 0 0 0 0 0 0.621937292799739
0 0 0 0 0.38724420429252 0 0 0 0.0749416083636336 0 0 0.169490512555752 0.730958676358126 0 0.487773836372574 0 0 0 0.488929450062966 0 0.0152723733185451 0 0 0 0.509292947194563 0.207940215887843 0.12376412918724 0 0 0 0.879402643017473 0 0 0.777899306874136 0 0 0 0 0 0 0 0 0 0 0 0 0 0 0 0 0 0 0.490921042172675 0 0 0.289117665778548 0 0 0 0 0 0 0 0 0.898338222132672 0 0.765769556601725 0 0 0 0 0 0.947438064336224 0 0 0 0.0862139666538818 0 0 0 0 0 0.220300958104369 0 0 0.453011804995341 0 0 0 0 0 0 0 0 0 0 0 0.659850446948648 0 0
0 0 0 0 0 0 0 0 0.840599139072078 0 0 0 0.896544561642097 0.342102937551269 0.237368673767342 0.288702142282241 0 0 0 0 0.950866314775673 0 0.675375258124623 0 0 0 0.279570020142242 0.0238509816677381 0 0 0 0 0 0.354734909786171 0 0 0 0 0 0 0 0 0.331338241011474 0 0 0 0 0 0 0 0 0 0 0 0 0 0 0 0 0 0.676354900591525 0 0 0 0 0 0 0 0 0 0.9767605305893 0 0 0 0 0 0 0 0 0 0 0 0 0 0 0 0.42908873487956 0 0 0 0 0 0 0 0 0 0 0 0.0889263594532957 0
0 0 0 0.292611959216784 0.705426815161765 0 0 0 0 0 0 0 0 0.504957406076513 0 0 0 0 0 0 0 0 0 0 0 0 0 0 0 0.975892252839584 0.276445402861943 0 0 0 0.722425429712323 0.424606388635352 0 0 0 0.527013453749193 0.147159885330016 0 0.454854750763746 0 0 0 0.0499846236983549 0 0 0 0.490921042172675 0 0 0 0 0.851762250447811 0.929197913347107 0 0 0.632142385474876 0 0.0331630531955104 0 0 0 0 0 0 0 0.864466742301175 0 0 0 0 0 0 0 0 0 0 0 0 0.0521734097110839 0 0.863381734514528 0 0 0 0 0 0 0.259657132444281 0.46393949076203 0 0 0 0 0.681826268522565 0.268599648853061 0
0 0 0 0.162650320979153 0.353881131048005 0.54225988994032 0 0.695001591514022 0.345682904448675 0 0 0 0 0 0 0 0 0.898948364843994 0.961025450282042 0 0 0 0.039762121076427 0.134862346061446 0 0 0 0 0 0 0 0 0 0 0 0 0 0.060059815611038 0 0 0.329191689385467 0.400125802414029 0 0.344843933956061 0 0 0 0 0 0.397189451305491 0 0 0 0 0 0 0 0 0 0 0 0 0 0 0 0 0 0 0 0 0.593637403295376 0.773437934521118 0.73266921488936 0 0 0 0.120507082827784 0 0 0.361888750977028 0 0 0 0 0 0 0 0 0 0 0 0 0.230277663057036 0 0.51045188263841 0 0 0 0 0
0 0 0 0.701987153735825 0 0 0 0 0 0 0.616131858113198 0 0.459582282229172 0.84393135643741 0 0 0 0 0 0 0.100425285219927 0.436630891801483 0.945082998122639 0 0 0 0.40128156158115 0.0266510194790052 0 0 0 0 0 0 0 0 0 0 0 0 0 0 0.924485625612961 0.213645619070244 0 0 0 0 0 0 0 0 0 0 0 0 0 0 0 0 0 0 0 0 0 0 0 0.209026679449789 0.42631884821977 0.410804206179426 0 0 0 0.884064879372033 0 0 0.72929190370683 0 0.636222652955275 0 0 0 0 0 0 0 0 0 0 0 0 0 0.810704405738023 0 0 0 0 0 0 0
0 0 0 0 0 0 0 0.333095696676465 0 0.823774056752119 0 0 0 0 0 0 0 0 0 0 0 0 0 0 0 0 0 0 0 0 0 0 0 0.0617465327511603 0.00581852302337094 0 0.826476380737121 0 0 0 0 0 0 0 0 0 0 0 0.62968661684498 0 0.289117665778548 0 0.851762250447811 0 0 0 0 0 0.483553329819135 0 0 0.16602317419278 0.96801645966189 0.860990523156 0 0 0 0.183393855072641 0.609745541828075 0 0 0 0 0 0 0 0 0 0 0 0 0.698457867322411 0.690965439700024 0 0 0.898287602581561 0 0.691522498157444 0 0.513554244952931 0 0 0.718218302656292 0 0 0 0.343967998100206 0 0 0.156825361641301
0 0 0 0 0 0 0 0.272137721299524 0 0 0 0 0 0 0.501225335340965 0 0 0 0 0.184725008560771 0 0 0 0 0.918517204041846 0 0 0 0.231308529618851 0 0 0 0 0 0 0 0 0 0.167913438829877 0.133491561348467 0 0.503998722064128 0 0 0 0 0 0 0.643916878918099 0 0 0 0.929197913347107 0 0 0 0 0 0 0 0 0 0 0.415838170468465 0 0 0 0 0.730676623362037 0 0 0 0 0 0 0 0 0 0 0 0.840934772059496 0 0 0 0 0 0 0.779739141533568 0 0 0 0 0 0 0 0 0.835621240101385 0 0 0
0 0 0 0 0 0 0 0 0 0.716125355744502 0.898037185395945 0 0 0 0 0 0 0 0 0 0 0.11078513587053 0 0 0 0 0 0 0.0620067609397536 0 0.915057283522623 0 0 0.248718075664332 0.304591314833894 0 0 0 0 0 0 0 0 0 0 0 0 0 0 0.289585024622638 0 0 0 0 0 0 0 0 0 0 0 0 0.760651180813867 0 0 0 0 0 0 0 0.824893282598309 0 0 0 0 0 0 0 0 0 0 0 0 0 0.318237488233955 0 0 0 0 0 0 0 0 0 0 0 0 0 0 0.202801063217347
0.256355899775859 0 0 0 0.76385692699751 0 0 0 0 0 0 0 0 0 0 0 0 0 0 0 0 0 0.232905167061418 0 0 0.924471818558185 0 0 0 0 0 0 0 0 0 0.618938948593172 0 0 0 0 0 0 0 0 0 0 0 0 0 0 0 0 0 0 0 0.483553329819135 0 0 0 0 0 0.174339746547342 0 0 0 0 0 0 0 0 0 0 0.653186704762628 0 0.143272139189889 0 0 0 0 0.538611989023763 0 0 0 0 0.872444870264104 0 0 0.364601809522779 0 0 0.375396209971391 0 0.384631981876924 0 0 0 0 0 0 0
0 0 0 0 0 0.327161252881201 0 0 0 0 0 0 0 0 0 0 0 0 0 0 0 0 0 0 0 0 0 0 0 0 0 0 0 0 0 0 0 0 0 0 0 0.257256968454007 0 0 0 0 0 0 0 0 0 0 0.632142385474876 0 0 0 0 0 0 0 0 0 0 0 0.384323001899207 0 0 0 0 0 0 0.528091617513649 0 0 0 0 0 0.192030326927313 0.193473036335232 0 0 0 0.933065647391435 0 0 0 0 0 0 0 0 0 0.769136193223819 0 0 0.6025786138943 0 0 0 0
0 0 0 0.79113670729477 0.895519250984476 0 0 0 0.521414288987841 0 0 0 0 0 0 0 0 0 0 0.543221771975161 0 0 0 0 0.0883562046888001 0 0 0 0 0 0 0 0 0 0 0 0.324918077570948 0 0 0 0 0 0 0 0.294696503151611 0 0.00279252815691918 0.834939428787926 0 0 0 0.676354900591525 0 0 0 0 0 0 0 0 0 0 0.821933327337906 0 0.975783090913256 0 0 0 0 0.721749733446405 0.857949447703731 0 0 0 0.442991850265676 0 0 0 0 0 0 0.597572660253488 0 0 0 0 0 0 0.558575690792187 0 0 0 0 0 0 0 0 0 0 0
0 0 0 0 0.516991321593318 0.507297763159158 0 0 0 0 0 0 0 0 0 0 0 0.755626375149943 0.612236388000132 0 8.35346807167728e-05 0 0 0.210252577087928 0.469393544209729 0 0 0 0 0 0.196257851886821 0 0 0 0 0.412066783746226 0 0 0 0 0 0 0 0 0 0 0.440991147153792 0 0 0 0 0 0.0331630531955104 0 0 0.16602317419278 0 0 0.174339746547342 0 0 0 0 0 0 0 0 0 0 0 0 0 0 0 0 0 0 0 0 0 0 0 0 0 0 0 0 0 0 0 0.149057660431982 0.786131372644123 0 0 0 0 0 0.511621399624184 0 0
0 0 0 0 0 0 0 0 0 0.680832574837659 0 0.504010535660058 0 0 0 0 0.366110074181343 0 0 0.927171429935314 0 0.42680183042748 0 0 0 0.773735063935738 0 0.917213976981055 0.700608266255633 0.474335272075391 0 0 0.89970763044093 0 0 0 0 0 0 0 0 0 0 0 0 0 0 0.642454285680832 0 0 0 0 0 0 0 0.96801645966189 0 0.760651180813867 0 0 0.821933327337906 0 0 0 0 0 0 0 0 0 0 0 0 0 0.788410792411807 0 0 0 0 0 0 0 0 0 0 0 0 0.177924433827491 0 0 0 0 0 0 0 0 0.807765972533112 0 0 0.811500916448223
0.814858939693049 0 0 0 0 0 0 0 0 0 0 0 0 0 0 0 0 0.312046436939707 0 0 0.260045941676778 0 0 0 0 0 0 0 0.916472393566102 0 0 0.317313469886839 0 0.284827141862089 0 0 0 0 0.168321536737275 0 0 0 0 0.958173395012662 0 0.915812532179851 0.399607309198314 0 0 0 0 0 0 0 0 0.860990523156 0.415838170468465 0 0 0 0 0 0 0 0 0 0.995503275153264 0 0 0 0 0 0 0 0 0 0 0 0.0401365557059982 0 0 0 0 0 0 0 0 0.18233196452237 0 0 0 0 0 0 0 0 0 0 0 0
0 0 0 0 0 0.111998970130534 0 0 0 0.0399239584634684 0 0 0 0.0832265639067119 0 0.851079637700259 0 0 0 0 0 0 0 0 0.804702124228559 0 0.00412462119813638 0 0 0 0 0 0 0 0 0 0 0 0.644972755542861 0 0 0 0.0184269946931824 0.656420524697288 0 0 0 0 0 0 0.898338222132672 0 0 0 0 0 0 0 0 0.384323001899207 0.975783090913256 0 0 0 0 0 0 0.0023553367350956 0 0 0.0155365926302314 0.150980281901621 0 0 0 0.451409846222568 0 0.816288523254501 0 0 0 0 0 0 0 0 0 0 0 0 0 0.201869144013272 0.874041222913544 0.271463477451759 0 0 0 0 0 0
0 0 0 0 0 0 0 0 0 0 0.625124215932838 0 0 0.931194153786189 0 0 0 0 0 0 0 0 0 0 0 0 0 0 0.529244554143463 0 0 0 0 0 0 0 0 0.373790084713748 0 0 0.530143021911739 0 0 0 0 0.223961070036925 0 0 0 0 0 0 0 0 0 0 0 0 0 0 0 0 0 0 0 0 0 0 0 0 0.307916459093471 0.0932374598814117 0 0 0 0.840341519667008 0 0 0 0 0 0 0 0 0 0.871774328092684 0 0.539481783420842 0 0 0 0 0 0 0.220096664455323 0 0 0.491426608142373 0 0
0 0 0 0 0 0 0 0 0 0 0 0.825604891308565 0 0 0 0 0 0.417623672282699 0 0 0 0 0 0 0 0 0 0 0 0 0 0 0 0 0 0 0 0 0 0.485180718410039 0 0 0 0 0.523084035858696 0 0 0 0.716547256764152 0.593700626162102 0.765769556601725 0 0 0 0 0 0 0 0 0 0 0 0 0.995503275153264 0 0 0 0 0 0 0.688002265029456 0.835762387160969 0 0.307577947230159 0 0 0 0.264839476562945 0 0.0941709130287549 0 0 0 0 0.706793409048149 0 0.513789595422803 0 0 0 0 0 0 0 0 0 0 0.122319955446289 0 0
0 0 0 0 0.82057705760333 0.120777208918602 0 0 0.800418613796528 0 0.196203885625444 0.364606833787563 0 0.0689605177099706 0 0 0.263100757929149 0 0.436922655292239 0 0 0 0 0 0 0 0 0 0.0649585132398078 0 0 0 0 0 0 0 0 0 0.393729932811776 0 0 0 0 0 0 0 0 0 0 0.8263853071139 0 0 0 0 0.209026679449789 0.183393855072641 0 0 0 0 0 0 0 0 0.0023553367350956 0 0 0 0 0 0.821321531730781 0 0 0 0 0 0 0 0.121263686587943 0 0 0 0 0 0.24096045221476 0 0 0 0 0.821623351149529 0 0 0 0.0652606001851305 0 0 0 0 0 0.904996972269427
0 0 0.785849228044718 0 0.862401661945585 0 0 0 0 0 0 0 0 0 0 0 0 0 0.832801031683914 0 0 0 0 0 0 0.451147383227482 0 0 0 0 0 0 0 0.901389449937183 0 0 0 0 0 0 0 0 0 0 0 0.439171627154302 0 0 0.573290245751335 0 0 0 0 0 0.42631884821977 0.609745541828075 0.730676623362037 0 0 0 0 0 0 0 0 0 0 0 0 0 0 0 0.221803469088359 0 0 0 0 0 0 0 0 0 0 0 0 0 0 0 0 0 0 0 0 0 0.768199028686915 0 0 0 0 0
0 0 0 0.374909859585742 0 0 0 0 0 0 0 0 0 0 0 0 0 0 0 0 0.0862236470844012 0 0 0 0 0 0.10303951720213 0.239698711637217 0 0.270216255481069 0 0 0 0 0 0 0 0 0 0 0 0.00507763710672547 0 0 0 0.129259505089142 0 0 0.554172218590416 0 0 0 0.864466742301175 0 0.410804206179426 0 0 0 0 0 0.721749733446405 0 0 0 0 0 0 0 0 0 0 0 0 0 0 0 0 0 0.536610617307174 0 0.114995150753699 0 0 0.730676047734084 0 0.425604026143014 0 0 0 0.39101747088043 0 0 0 0 0 0.709809310828415 0 0 0 0
0 0.648786144106721 0 0 0 0.050715297037498 0 0.689464720283679 0 0.713824837993483 0 0 0.676260488790529 0.722889433571017 0 0 0 0.452384639790194 0 0 0 0 0.362300058824738 0.734498469701015 0 0 0 0 0 0 0 0 0 0 0 0 0 0 0 0 0 0.694308607592725 0 0 0 0.638340001245637 0 0 0.12895557330754 0 0 0.9767605305893 0 0.593637403295376 0 0 0 0.824893282598309 0 0 0.857949447703731 0 0 0 0.0155365926302314 0.307916459093471 0.688002265029456 0.821321531730781 0 0 0 0 0.895305877596773 0.435684742330658 0 0 0.78323542010747 0.598566680564357 0 0 0 0 0 0 0 0 0 0 0.578313847363429 0 0 0 0 0 0 0.098973400520321 0.677758637433308 0 0 0
0 0.760163939277572 0 0 0.494527556327381 0.930544836504779 0 0 0 0 0 0.17467141131617 0.404208579198144 0 0 0.0783698165795415 0 0 0 0 0 0 0 0 0 0 0 0 0 0 0 0 0 0 0 0 0 0 0 0 0.363147538707172 0 0 0 0.0982438276029082 0 0 0 0.551725439282786 0 0 0 0 0.773437934521118 0 0 0 0 0 0.528091617513649 0 0 0 0 0.150980281901621 0.0932374598814117 0.835762387160969 0 0 0 0 0 0 0 0 0 0 0 0 0 0 0 0 0 0 0 0.5508645109485 0.0456368940249303 0 0 0 0 0 0 0 0 0 0 0 0
0.992045724229743 0 0 0 0 0 0 0 0 0 0 0.388082013999417 0 0 0 0.0950818862627851 0 0 0.287440400291082 0 0 0 0 0 0 0 0 0 0 0 0 0.0674936416330661 0 0 0 0 0 0 0 0.477154493582555 0 0 0 0 0 0 0 0 0 0 0.947438064336224 0 0 0.73266921488936 0 0 0 0 0.653186704762628 0 0 0 0 0 0 0 0 0 0.221803469088359 0 0.895305877596773 0 0 0 0 0 0 0 0 0 0 0 0 0 0 0.373780658385113 0 0 0.520995878417223 0 0 0.170579178143703 0 0 0.427945050795352 0 0.905842268281955 0.256471134751794 0 0
0 0.912778458048629 0 0 0 0 0 0 0.409164540657201 0 0 0 0 0 0 0 0 0 0 0 0 0 0 0 0 0 0 0 0 0 0 0 0 0 0 0.136755644541142 0 0 0 0 0 0 0 0 0 0 0 0.0898333540119348 0 0 0 0 0 0 0.884064879372033 0 0 0 0 0 0 0 0 0 0 0 0.307577947230159 0 0 0 0.435684742330658 0 0 0 0.777655014931929 0.42345193837872 0 0 0 0 0 0 0 0.894990714114675 0 0.798786064774496 0 0.758159832113835 0 0 0.795357718088631 0 0.301426564192504 0 0 0 0 0 0 0
0 0 0 0 0 0 0 0 0 0 0 0 0.656433521562073 0.212294985452983 0.729069883734069 0 0 0.803344273512552 0.990494720387259 0.338050080677828 0 0 0 0 0 0 0 0 0 0 0 0 0 0 0 0.519789104277807 0 0 0.823900797805802 0 0 0 0 0 0 0 0 0 0 0.662833288619026 0 0 0 0 0 0 0 0 0.143272139189889 0 0.442991850265676 0 0.788410792411807 0 0 0 0 0 0 0 0 0 0 0.777655014931929 0 0.0565799600232886 0 0 0 0 0 0 0 0 0 0 0.0147691993383971 0 0 0 0 0 0 0 0 0 0.490617264708925 0 0 0
0 0 0.363892138402677 0 0 0 0 0 0 0.389101458483281 0 0 0 0 0.719103633731142 0 0 0.290171691830487 0.625318368153683 0 0 0 0 0 0 0 0 0 0 0 0 0 0 0 0.662580732678494 0.806986938657777 0 0.615991401795976 0 0 0 0 0.353467447630657 0 0 0 0 0 0.247292898422866 0 0 0 0 0 0 0 0 0 0 0 0 0 0 0 0.451409846222568 0.840341519667008 0 0 0 0 0 0 0 0.42345193837872 0.0565799600232886 0 0 0.843954060529235 0.0635277639155835 0 0 0.199557866412064 0 0.191015277451776 0 0 0 0 0.457485886540098 0.937068557861926 0.962568621394241 0 0 0.152719997191999 0 0.891971789488087 0 0 0 0
0 0 0 0 0 0 0 0 0 0 0 0 0 0 0 0.163909752404238 0 0 0 0 0 0 0 0 0 0 0.45723584607814 0 0 0 0.768511172790522 0.119595114881835 0.758895825747516 0 0 0 0 0.11370654741796 0 0 0.978403235477151 0 0.461361953930398 0.548241845307599 0 0 0 0 0 0 0.0862139666538818 0 0 0.120507082827784 0.72929190370683 0 0 0 0 0 0 0 0 0 0 0 0 0 0 0 0.78323542010747 0 0 0 0 0 0 0 0 0 0 0 0 0 0.678240438027857 0 0 0.330637829232715 0 0.171708881121121 0 0 0 0.850801756359776 0 0 0 0 0 0.931169260113263
0 0 0 0 0.114644862257781 0 0 0 0 0 0 0 0 0 0 0 0 0 0.669523330584889 0 0 0.921774203992618 0.0965486446731953 0 0 0 0 0 0 0 0 0.680839491479893 0.624708415811007 0.442617616825495 0 0 0 0 0 0 0 0 0 0 0 0 0 0 0 0 0 0 0 0 0 0 0 0 0 0.192030326927313 0 0 0 0 0.816288523254501 0 0.264839476562945 0 0 0 0.598566680564357 0 0 0 0 0.843954060529235 0 0 0 0 0 0 0 0 0 0 0 0 0.974203826077076 0 0 0 0 0.605395970046405 0.343294956762629 0 0 0 0 0
0.526032019298506 0.770964128756565 0.785639702730138 0.848220901387335 0.618275592394812 0 0 0 0 0.802857814960628 0 0 0 0.771282010066945 0 0 0 0 0 0 0.724890534475282 0 0.117837528185063 0 0 0.782694983727235 0 0 0 0.828364313900456 0.267727397737415 0 0 0 0.432680050815811 0 0 0 0 0 0 0.159852916862025 0.157515385294164 0.681585755034272 0 0 0 0 0 0 0 0 0 0 0.636222652955275 0 0 0 0 0.193473036335232 0 0 0 0.0401365557059982 0 0 0 0.121263686587943 0 0.536610617307174 0 0 0 0 0 0.0635277639155835 0 0 0 0 0 0 0 0 0 0 0 0.669714577177265 0 0 0 0.914945787563931 0 0 0 0 0 0 0 0.450901991944913
0 0 0 0.173166689110886 0 0 0 0 0 0 0 0.299126716123464 0 0 0 0 0 0 0 0 0 0.654580492997499 0 0 0 0 0 0 0.33124562835137 0.541631460985683 0 0 0 0.158833250071547 0 0 0 0 0 0 0 0 0 0 0 0.772050039913448 0.422562655898147 0.454504046906924 0 0 0 0 0 0.361888750977028 0 0 0 0 0.538611989023763 0 0 0 0 0 0 0 0.0941709130287549 0 0 0 0 0 0 0 0 0 0 0 0 0 0 0.24804569874715 0 0 0 0 0 0 0 0 0 0.811739496127256 0 0 0 0 0 0 0 0
0 0 0 0 0 0 0 0 0 0 0 0 0 0.691919217101044 0 0 0 0 0 0 0 0 0 0.0904033914203379 0 0.699994023765482 0 0 0 0.0539015344658005 0.765077146385289 0 0 0 0 0 0 0.0472873339068222 0 0 0 0 0 0 0 0.512276402679494 0.73682612550517 0 0 0 0 0 0 0 0 0 0.840934772059496 0 0 0 0 0 0 0 0 0 0 0 0 0.114995150753699 0 0 0 0 0 0 0 0 0 0 0 0.110084463753407 0 0.200389942962402 0 0.764998131474507 0 0.396512883724953 0 0 0 0 0 0 0 0 0 0 0 0
0.505486702873662 0 0 0 0 0.577167266892606 0 0 0.616767898476096 0 0 0 0 0 0 0 0 0.104078478993561 0 0 0 0 0 0 0 0 0 0 0 0 0 0 0 0 0 0 0.182010237216942 0 0 0.625719377693012 0 0 0.11416792545668 0 0 0 0 0 0 0 0 0 0 0 0 0.698457867322411 0 0 0 0 0.597572660253488 0 0 0 0 0 0 0 0 0 0 0 0 0 0 0.199557866412064 0 0 0 0.24804569874715 0.110084463753407 0 0 0 0 0 0 0 0 0 0 0 0 0 0 0 0 0 0 0
0 0 0 0.626083453174913 0.401531373688542 0 0 0 0 0 0 0.430905254379515 0 0 0 0 0 0 0 0 0 0.143381166693966 0 0 0.379237320252898 0 0 0 0 0 0 0 0 0 0 0 0 0 0 0 0 0 0 0 0 0.664770135237892 0 0 0.986353631409887 0 0.220300958104369 0 0.0521734097110839 0 0 0.690965439700024 0 0 0 0.933065647391435 0 0 0 0 0 0 0 0 0 0 0 0 0 0 0 0 0 0 0 0 0 0 0 0 0 0 0 0 0 0 0 0 0 0 0 0 0.775037997882576 0 0 0
0 0 0.265869529520792 0 0.505356367713594 0 0 0 0 0 0 0 0 0 0 0 0 0 0 0 0 0 0 0 0 0 0 0 0 0 0 0.0472736199156611 0 0.792846042623265 0 0 0 0 0 0 0 0 0 0 0 0 0 0 0 0 0 0 0 0 0 0 0 0 0 0 0 0 0 0 0 0 0 0 0 0.730676047734084 0 0 0 0.894990714114675 0 0.191015277451776 0 0 0 0 0.200389942962402 0 0 0 0 0 0 0 0 0.857852144684262 0 0 0 0 0 0 0 0 0.215887761388826 0
0 0 0 0 0.606903763031368 0 0 0 0 0 0 0 0 0 0.498684612578587 0.727994419901578 0 0 0 0 0 0 0 0 0 0.501049712002141 0 0 0 0 0.165840481217097 0 0 0.00668673325339978 0.391209366997499 0 0.032449769687144 0.910908849531049 0 0 0 0 0 0 0 0 0 0 0 0 0 0 0.863381734514528 0 0 0 0 0.318237488233955 0.872444870264104 0 0 0 0 0 0 0 0.706793409048149 0.24096045221476 0 0 0 0 0 0 0 0 0.678240438027857 0 0 0 0 0 0 0 0 0 0 0 0 0 0 0 0 0.0522033683478489 0 0.563023850584073 0 0.085785027386609 0 0
0 0 0 0 0 0 0 0 0 0 0 0.481063269697035 0.710289431986095 0.321550899971202 0 0 0 0 0 0 0 0.769118565406419 0 0.339302270988344 0 0 0 0 0 0 0 0 0 0 0 0 0 0.841516780222236 0 0 0 0 0 0 0 0 0 0.0780395232007912 0 0.0568052359740972 0.453011804995341 0 0 0 0 0.898287602581561 0 0 0 0 0 0 0 0 0 0.871774328092684 0 0 0 0.425604026143014 0 0 0.373780658385113 0.798786064774496 0 0 0 0 0 0 0.764998131474507 0 0 0 0 0 0 0 0 0 0 0 0 0 0 0 0 0 0 0
0 0 0 0 0 0 0 0.562990989469158 0 0 0 0 0.285911117561687 0.557202845935029 0 0 0 0 0 0 0 0 0 0 0 0 0 0 0 0 0 0 0.822279973417424 0 0 0 0 0 0 0 0 0 0.481893983162961 0 0 0 0 0 0 0 0 0.42908873487956 0 0 0 0 0 0 0 0 0 0 0 0 0 0 0.513789595422803 0 0 0 0 0.5508645109485 0 0 0.0147691993383971 0 0 0 0 0 0 0 0 0 0 0 0 0 0 0 0 0 0 0 0 0 0 0 0 0.0330877943712357
0 0 0 0 0 0 0 0 0.879653046759198 0.0820085864317781 0 0 0 0 0 0 0 0.708594226499532 0 0 0 0 0 0 0 0 0 0.472343783580776 0.814743220475772 0 0 0.819437341819006 0.316744913556962 0 0 0 0.0963696429168299 0 0 0.685993966030005 0 0 0 0 0.535076975972124 0 0 0 0 0 0 0 0 0 0 0.691522498157444 0.779739141533568 0 0.364601809522779 0 0 0 0.177924433827491 0.18233196452237 0 0.539481783420842 0 0 0 0 0 0.0456368940249303 0 0.758159832113835 0 0 0.330637829232715 0 0.669714577177265 0 0.396512883724953 0 0 0 0 0 0 0 0 0 0 0 0 0 0 0 0 0 0 0
0 0 0 0.562816478810641 0.775063645601825 0 0 0 0 0.61171272731863 0 0.995946941381842 0 0 0 0 0 0 0 0 0.449711784963576 0 0 0 0 0 0.368942281595079 0 0 0.414356937907844 0 0 0 0 0 0 0 0.97744563735401 0 0 0 0 0 0.524346033587739 0 0 0 0 0 0 0 0 0 0 0 0 0 0 0 0 0.558575690792187 0 0 0 0 0 0 0 0 0 0.578313847363429 0 0.520995878417223 0 0 0.457485886540098 0 0.974203826077076 0 0 0 0 0 0 0 0 0 0 0 0 0 0 0 0 0 0 0 0 0 0
0 0 0 0 0 0 0 0 0 0 0.768532188083963 0 0 0.53790890071652 0.92246992969729 0 0 0 0.954475393709953 0 0 0 0.324027239910831 0 0.246980287362941 0 0 0 0 0.574274486990604 0 0.958627858610628 0 0 0 0 0 0 0 0 0 0 0 0.786883178090667 0.565275569709267 0 0 0.488011832728494 0.374824949682641 0.82363337802757 0 0 0 0 0 0.513554244952931 0 0 0 0 0 0 0 0 0 0 0 0.821623351149529 0 0.39101747088043 0 0 0 0 0 0.937068557861926 0.171708881121121 0 0 0 0 0 0 0.857852144684262 0 0 0 0 0 0 0 0 0 0.362037005419692 0 0 0 0.792504685149858 0 0
0 0.454705365544714 0.101846765865835 0.610660026677433 0 0 0 0 0 0 0.826936258087615 0 0 0.91960046633611 0 0 0 0 0.82174379767624 0 0 0 0.179701070483891 0 0 0 0 0.49222201781582 0 0 0 0 0 0.352218556350262 0 0.951395997948602 0 0 0 0.389192497649807 0 0 0.143285947157919 0 0 0 0 0.1464148617306 0 0 0 0 0 0 0 0 0 0 0.375396209971391 0 0 0.149057660431982 0 0 0 0 0 0 0 0 0 0 0 0.795357718088631 0 0.962568621394241 0 0 0 0 0 0 0 0 0 0 0 0 0 0 0 0 0 0 0 0 0 0 0.766973209364826 0
0 0 0 0 0 0.568029407324627 0.876859667262118 0 0 0 0 0 0 0 0 0 0 0 0 0 0 0.554403358728637 0 0 0 0 0 0 0 0 0 0 0 0 0 0 0 0 0.51661169530343 0 0 0.779903715305884 0 0 0 0 0 0 0.162511800509214 0 0 0 0.259657132444281 0 0 0 0 0 0 0 0 0.786131372644123 0 0 0.201869144013272 0 0 0 0 0 0 0 0.170579178143703 0 0 0 0 0 0.914945787563931 0.811739496127256 0 0 0 0 0 0 0 0 0 0 0 0 0 0 0.260318525727893 0 0 0 0.576178334163835 0
0.633073721042547 0 0 0 0 0 0 0 0 0 0 0 0 0 0 0 0 0 0 0.804545647880448 0 0 0 0 0 0 0 0 0 0 0 0 0 0 0 0 0 0 0.99703553160219 0.744035276142872 0.845134717518064 0 0 0.78039680323192 0 0.275446878723265 0 0 0 0.100279036487487 0 0 0.46393949076203 0.230277663057036 0.810704405738023 0.718218302656292 0 0 0.384631981876924 0.769136193223819 0 0 0 0 0.874041222913544 0 0 0 0 0 0 0 0 0.301426564192504 0 0 0 0 0 0 0 0 0 0 0 0 0 0 0 0 0 0 0 0 0.754444244710787 0 0.654455075673729 0 0 0
0 0 0 0 0 0 0 0 0 0 0 0 0 0 0 0 0 0 0.011733731809503 0 0 0.0297318512861297 0 0 0 0 0 0 0 0 0 0 0 0 0 0 0 0 0 0 0 0.610457008727107 0 0.702166275591456 0 0 0 0 0 0.887235094228803 0 0 0 0 0 0 0 0 0 0 0 0 0 0 0.271463477451759 0 0 0.0652606001851305 0 0 0 0 0 0 0 0.152719997191999 0.850801756359776 0.605395970046405 0 0 0 0 0 0 0.0522033683478489 0 0 0 0 0.362037005419692 0 0 0 0 0 0 0 0 0 0
0 0 0 0 0 0 0 0 0 0 0 0 0.45143408956404 0.588335772984455 0.669007790481554 0 0 0 0 0 0 0.862087949533301 0 0 0 0 0 0 0.384074909355988 0 0 0 0 0 0 0 0.671092469188431 0 0 0 0 0 0 0 0 0.920521662252498 0 0 0 0 0 0 0 0.51045188263841 0 0 0 0 0 0 0 0 0 0 0 0.220096664455323 0 0 0.768199028686915 0 0 0 0.427945050795352 0 0 0 0 0.343294956762629 0 0 0 0 0 0 0 0 0 0 0 0 0 0.260318525727893 0.754444244710787 0 0 0 0.0504848980794589 0.383101494981698 0.476694385563621 0
0 0 0 0.220951543597525 0 0 0.473287359905733 0 0 0 0 0 0 0 0 0 0 0 0 0 0 0 0 0 0 0 0 0.983960348675377 0 0 0.543534541669327 0 0.353240981357592 0 0 0.0411540418845683 0 0 0 0.447547242140406 0.553093261130803 0 0 0 0 0 0 0.694929921741054 0 0 0 0 0 0 0 0 0 0 0 0.6025786138943 0 0 0 0 0 0 0 0 0 0.709809310828415 0.098973400520321 0 0 0 0 0.891971789488087 0 0 0 0 0 0 0 0 0.563023850584073 0 0 0 0 0 0 0 0 0 0 0 0 0 0 0.622105570759947
0 0 0 0 0 0.294571293802571 0 0 0.824128695447779 0 0 0 0.375413612318142 0.559160147452718 0.151738484831656 0 0 0 0 0.601414127749604 0 0 0 0 0 0 0.102511702710961 0 0.843497164564123 0 0 0 0 0 0 0 0.327646813826508 0.498245805122549 0 0 0 0 0 0.477494270260907 0 0.362173363683618 0 0 0 0 0 0 0 0 0 0.343967998100206 0.835621240101385 0 0 0 0 0 0.807765972533112 0 0 0 0 0 0 0 0.677758637433308 0 0.905842268281955 0 0.490617264708925 0 0 0 0 0 0 0 0.775037997882576 0 0 0 0 0 0 0 0 0 0.654455075673729 0 0.0504848980794589 0 0 0 0.424785778080435 0
0 0 0 0.0027814827157708 0 0 0 0 0 0.862109848748443 0 0 0 0 0 0.741888368148641 0 0 0 0 0 0.459777123905138 0 0.222950504168476 0 0.478238039892302 0 0 0 0 0 0.282932091439352 0 0 0.844430288980459 0 0 0 0.544868278738282 0 0 0 0.44682183975733 0 0 0 0 0 0 0 0.659850446948648 0 0.681826268522565 0 0 0 0 0 0 0 0 0.511621399624184 0 0 0 0.491426608142373 0.122319955446289 0 0 0 0 0 0.256471134751794 0 0 0 0 0 0 0 0 0 0 0 0.085785027386609 0 0 0 0 0.792504685149858 0 0 0 0 0.383101494981698 0 0 0 0 0
0 0.927125249989715 0 0 0 0 0 0 0 0.2110403626515 0 0.265747887068647 0 0 0 0 0 0.872843910684841 0 0 0 0.294001150825167 0 0.592875869292295 0 0 0 0 0 0 0 0 0 0 0 0.355760243192032 0 0 0.128562377887608 0 0.661440873893779 0 0.10757000178838 0.627629549405177 0 0 0 0 0 0 0 0.0889263594532957 0.268599648853061 0 0 0 0 0 0 0 0 0 0 0 0 0 0 0 0 0 0 0 0 0 0 0 0 0 0 0 0 0 0 0.215887761388826 0 0 0 0 0 0 0.766973209364826 0.576178334163835 0 0 0.476694385563621 0 0.424785778080435 0 0 0.0606433280858073
0 0 0.312670726182525 0 0 0 0 0 0 0 0 0 0 0 0 0 0.139725377955919 0 0 0 0 0 0 0 0 0 0 0 0.706133474212071 0 0 0 0.709240611130729 0 0 0 0 0.581992890375525 0 0 0 0 0 0 0 0 0 0 0 0.621937292799739 0 0 0 0 0 0.156825361641301 0 0.202801063217347 0 0 0 0 0.811500916448223 0 0 0 0 0.904996972269427 0 0 0 0 0 0 0 0 0.931169260113263 0 0.450901991944913 0 0 0 0 0 0 0 0.0330877943712357 0 0 0 0 0 0 0 0 0.622105570759947 0 0 0.0606433280858073 0
