0 0 0 0 0 0 0 0 0 0 0 0 -0.785103561323673 0 0 0 0 0 0 0 0 0 0 0 0 0.208665192483079 0 -0.885892312429868 0 0 0 0 0 0 0 0 0 0 0 0 0 0 0 0 0 0 0 -1.25511834182521 0 0
0 0 0 0 0 0 0 0 0 -0.325230277022033 0.161873679635034 -0.690687248875336 0 0 0 0 0 0 0 0 0 0 0 0 0 0 0 0 1.07157908627776 -1.58647658171587 0.133656491451068 0 0 -0.849799398552329 0 0 0 0 0 0 0 0 0 0 0 0 0 0 0 0
0 0 0 0 -0.486322695834315 0 0 0 0 0 0 0 0 0 0 1.36722937484155 0 0 0 0 0 0.623546944642262 0 -0.403911823595707 1.20859795620228 0 0.701114624168862 0 0 0 0 0 0 0 0.199408784515807 0 0 0 0 0 0 0 0 0 0 -0.806958783678671 0 0 0 0
0 0 0 0 0 0 0.0132336326686071 0 0 0 0 0.51090892603243 0 0 0 2.03620216051899 0 -0.110366841127942 0 0 0 0 0 0 -0.146878015259815 0 0 0 0 0.171044432205983 0 0 0 0 0 0 -0.878914474747291 2.46706676074726 0 0 -1.44478494452729 0 -0.925387245786857 0.0584837762740904 0 0 0 0.241538453903067 0 0
0 0 -0.486322695834315 0 0 0 1.82129283504579 0 0 0 0 0 0 -0.449187370220216 1.46163954575072 0 0 0 0 0 -1.39822091841298 0 0 0 0 0 0 0 0 0 0 -0.703014537850984 0 0 0 0 0 0 1.12726313631187 0 0 0 0 0 0 -0.457004300425839 0 0 0 0
0 0 0 0 0 0 0 0 0 0 0 -1.68289759142074 0 0 0.389395956635709 -1.74180134406232 0 0 0 0.662046199127713 0 0 0 0 0 -0.446686966099449 0 -0.332980583869352 0 0 0 0 0 0 0 0 0 0 2.33514658608881 0 0.611557146190102 0 0 0 0 0 0 0 0.819927362718865 0
0 0 0 0.0132336326686071 1.82129283504579 0 0 0 0 -1.08759686901056 0 0 0 0 0 0 -0.670360225046635 0 0 0 1.08373369010827 0 0 0 1.54587675155841 0 0 0 0 0 0 0 0 0 0 0 0 0 0 0 0 0 0 0 0 0 0 0 0 0
0 0 0 0 0 0 0 0 0 0 0.86099705470094 -0.872845408674969 0 0 0 0 0 0 0 0 0 0 0 0 0 0 0 0 0 0 0 0 0 0 0 0 0 0 0 0 0 0 0 -0.907423495054416 0 0 0 0 -3.34851387177322 0
0 0 0 0 0 0 0 0 0 0 0.686636610956994 0 0 0 0 0.801808030191104 0 0 0 0 0 0 0 2.26731282168083 0 0 -0.620070447263581 0 0 0.302540630235454 0 0 -0.752725791030155 0 0 0 0 0 0 -0.0346222800346323 0 0 0 1.76121969964534 -0.662613501292467 0 0 0.682578516690018 0 0
0 -0.325230277022033 0 0 0 0 -1.08759686901056 0 0 0 -0.269413926150384 0 0.615258799013013 0 0 0 0 0.983986788435832 0 0 0 0 0 0 0 0 0 0 0 0 0 0 0 -0.00217061036144863 0 0.717004389068557 0 0 1.05667731199842 0 0 0 0.394701102743175 0 0 0 0 -1.14126368453975 0 0
0 0.161873679635034 0 0 0 0 0 0.86099705470094 0.686636610956994 -0.269413926150384 0 0 0 0 0 0 0 0.166928912397045 0 0 0 0 0 0 0 0 0 -1.46454528634225 0 0 -1.5382723813146 0 0 0 0 -0.0594211813523786 0 0 0 0 0 0 0 0 0 1.18535135654763 0 1.32685537588014 0 0
0 -0.690687248875336 0 0.51090892603243 0 -1.68289759142074 0 -0.872845408674969 0 0 0 0 -0.186646595782474 0 0 0 0 0 0 0.0915301047166071 0 0 0 0 0 0 0 0 0 0 0 0 0 0 1.05536847072851 0 0 0 0 0 0 0 -0.266176008284381 0 0 0 0 0.842757718585525 0 0
-0.785103561323673 0 0 0 0 0 0 0 0 0.615258799013013 0 -0.186646595782474 0 0 0 -1.15052838083922 0 -1.17277964487978 0 0 0 0 0 0 0 0 0 -0.878479939381916 0.0476921571271146 0 0 0 0 1.20652594504365 1.71507702231766 0 0 0 0 0 0 0 0 0 0 0.668974597288909 1.75627309070133 0 0 0
0 0 0 0 -0.449187370220216 0 0 0 0 0 0 0 0 0 0.626351221511605 0 -1.07294944846086 0 0 0 0 0 0 0 0 0 0 0 0 -1.15553640812407 0 0 0 0 0 0 0 0 0 0 0 0 0 0 0 0 0.41163715508422 0 0 0
0 0 0 0 1.46163954575072 0.389395956635709 0 0 0 0 0 0 0 0.626351221511605 0 0 -0.558774870264 0 0 0 0.622549223882171 -1.39084189056279 0 0 0 0 0 0 0.486432229897325 0 0 1.24046815423694 0 0 0 0 0 0 -0.168973052238847 0 -1.2251187918148 0 0 0 -1.04334316733284 0 0 0 -1.00011714667849 0
0 0 1.36722937484155 2.03620216051899 0 -1.74180134406232 0 0 0.801808030191104 0 0 0 -1.15052838083922 0 0 0 0 0 0 0 0.199923922019952 0 0 0 0 0 0 0 0 0 0 0 0 0 0 0 0.648669376239755 0 0 0 -0.810984064438224 0 0 0.703852391242042 0 0 0.8629103910516 0 0 1.70948423507934
0 0 0 0 0 0 -0.670360225046635 0 0 0 0 0 0 -1.07294944846086 -0.558774870264 0 0 0 0 0 0 0 0 0 1.20214154470517 0 0 -0.57414656447082 0 1.30824033692996 0 0 0 1.19327309064667 0 0 0 2.69589001680531 0 0 0 0 0 0 0 -0.368048288502862 0 0 0 0
0 0 0 -0.110366841127942 0 0 0 0 0 0.983986788435832 0.166928912397045 0 -1.17277964487978 0 0 0 0 0 -2.73344120773188 0 0 0 0 0 0 0 0 0 0 0 0 0 0 0 0 0 0 0 0 0 0 0 0.341594926823447 0 0 0 0 -0.980756717805119 -0.300391860445927 0
0 0 0 0 0 0 0 0 0 0 0 0 0 0 0 0 0 -2.73344120773188 0 0 0 0 0 0 0 0 0.917959095004219 0.0952140737813208 0 0.66300060739247 -0.44013202593125 0.436850857134565 -0.444836376693461 0 0 0.306638731697696 2.19236939527429 0 0 0 0 0 0 0 0 0 0 0 0 0
0 0 0 0 0 0.662046199127713 0 0 0 0 0 0.0915301047166071 0 0 0 0 0 0 0 0 0 -0.381281085655312 0 0 0 0 0 0 0 -0.464903791984304 -0.279869705886689 0 0 0 0 -2.89519145344155 0 0 0 0 0 0 0 0 0 0 0 0 0 0
0 0 0 0 -1.39822091841298 0 1.08373369010827 0 0 0 0 0 0 0 0.622549223882171 0.199923922019952 0 0 0 0 0 0 0 -0.0369702664687443 0 0 0 0 0 0 0 0 0 0 0 0 0 0.788000262557304 0 0 0 0 0 0 0 0 0.00660867383865044 0 0 0
0 0 0.623546944642262 0 0 0 0 0 0 0 0 0 0 0 -1.39084189056279 0 0 0 0 -0.381281085655312 0 0 0 -0.142142743398369 0 -0.768058176501119 0 0 -1.69688450099045 0 0 -0.0784581228282904 0 0 0 0 0 0 -0.183008138015981 0 1.06043469538065 0 0 0 0 -1.49889487534059 0.814874950932628 0 0 0
0 0 0 0 0 0 0 0 0 0 0 0 0 0 0 0 0 0 0 0 0 0 0 -0.152778961315806 0 0 0 0 0 0 -0.86290077065328 0 0 0 0.04256403507152 0 0 0 0 0 0 0 0 0 0 0 0 0 0 0.492173570472284
0 0 -0.403911823595707 0 0 0 0 0 2.26731282168083 0 0 0 0 0 0 0 0 0 0 0 -0.0369702664687443 -0.142142743398369 -0.152778961315806 0 0 0 0 0 1.56327489149836 0 0 0 0 0.644900252046516 0 -0.60670104723114 0 0 0 0 0 0 0 -0.902329290449186 0.268574720710447 0 0 0 0 0
0 0 1.20859795620228 -0.146878015259815 0 0 1.54587675155841 0 0 0 0 0 0 0 0 0 1.20214154470517 0 0 0 0 0 0 0 0 0 0 0.49071815212508 -0.209831484604388 -0.184368772635498 0 0.0440295901452197 0 0 0.574901048451465 0 0 0 0 0 0 0 0 0 0.826477480356784 0 0 0 0 0
0.208665192483079 0 0 0 0 -0.446686966099449 0 0 0 0 0 0 0 0 0 0 0 0 0 0 0 -0.768058176501119 0 0 0 0 0 0 0 0 0 0 0 0 0 0 0 -0.777051048268 0 0 -0.25321944858055 0 0 0 0 0 0 0 0 0
0 0 0.701114624168862 0 0 0 0 0 -0.620070447263581 0 0 0 0 0 0 0 0 0 0.917959095004219 0 0 0 0 0 0 0 0 0 0 0 0 0 0 0 0 0 0 0 0 0 0 0.737507593142336 0 0 0 -1.29156170192002 0 0 0 0
-0.885892312429868 0 0 0 0 -0.332980583869352 0 0 0 0 -1.46454528634225 0 -0.878479939381916 0 0 0 -0.57414656447082 0 0.0952140737813208 0 0 0 0 0 0.49071815212508 0 0 0 0.745926309202281 0 -1.25100436217971 0 0 0 0 0 0 -0.992543617166511 0 0 0 0 0 0 0 0 0 0 0 0
0 1.07157908627776 0 0 0 0 0 0 0 0 0 0 0.0476921571271146 0 0.486432229897325 0 0 0 0 0 0 -1.69688450099045 0 1.56327489149836 -0.209831484604388 0 0 0.745926309202281 0 -0.31349171826627 0 0.00846710843204039 0 0 0 0 0 0.206550507945814 -0.737129190377766 0 0 0 0 0 0 0 0 0 0.168629522620557 0
0 -1.58647658171587 0 0.171044432205983 0 0 0 0 0.302540630235454 0 0 0 0 -1.15553640812407 0 0 1.30824033692996 0 0.66300060739247 -0.464903791984304 0 0 0 0 -0.184368772635498 0 0 0 -0.31349171826627 0 0 0 0 0 0 0 0 -0.630308597113629 0 0 0.0651317665726535 0 0 0 0 0 0 0 0 0
0 0.133656491451068 0 0 0 0 0 0 0 0 -1.5382723813146 0 0 0 0 0 0 0 -0.44013202593125 -0.279869705886689 0 0 -0.86290077065328 0 0 0 0 -1.25100436217971 0 0 0 0 0.67428777915644 0 0 0 0 0 0 0 0 0 -0.552431968070909 0 0 0 -1.7204734992565 0.829986049732991 0 0.671840207086808
0 0 0 0 -0.703014537850984 0 0 0 0 0 0 0 0 0 1.24046815423694 0 0 0 0.436850857134565 0 0 -0.0784581228282904 0 0 0.0440295901452197 0 0 0 0.00846710843204039 0 0 0 0 0 1.28421014505223 -0.0492625014748646 0 0.110284678870953 0.440633238058386 0 0 0.855790496190541 0 0 0 0.483889599359508 0.051067247963241 0 0 0
0 0 0 0 0 0 0 0 -0.752725791030155 0 0 0 0 0 0 0 0 0 -0.444836376693461 0 0 0 0 0 0 0 0 0 0 0 0.67428777915644 0 0 -0.57927899212072 0 0 0 0 0 0 0 -0.592429501632676 0.492594459865078 0 0 0 0 0 0 0
0 -0.849799398552329 0 0 0 0 0 0 0 -0.00217061036144863 0 0 1.20652594504365 0 0 0 1.19327309064667 0 0 0 0 0 0 0.644900252046516 0 0 0 0 0 0 0 0 -0.57927899212072 0 0 -1.21172914871422 0 -0.0574076868560063 0.247650246434427 0 0 0 0 0 0 0 0 0 1.27965664607787 0
0 0 0.199408784515807 0 0 0 0 0 0 0 0 1.05536847072851 1.71507702231766 0 0 0 0 0 0 0 0 0 0.04256403507152 0 0.574901048451465 0 0 0 0 0 0 1.28421014505223 0 0 0 0 0 0 0 0 0 0 0.0969067831792261 0 0 0 0 0 0 0
0 0 0 0 0 0 0 0 0 0.717004389068557 -0.0594211813523786 0 0 0 0 0 0 0 0.306638731697696 -2.89519145344155 0 0 0 -0.60670104723114 0 0 0 0 0 0 0 -0.0492625014748646 0 -1.21172914871422 0 0 0 0 0 0 0 -0.545135067405665 0 0 0 0 0 1.2012583637817 -0.444414762595565 0
0 0 0 -0.878914474747291 0 0 0 0 0 0 0 0 0 0 0 0.648669376239755 0 0 2.19236939527429 0 0 0 0 0 0 0 0 0 0 0 0 0 0 0 0 0 0 0 0 0 0 -2.02953803223931 0 0 0 0 0 0 0 0
0 0 0 2.46706676074726 0 0 0 0 0 0 0 0 0 0 0 0 2.69589001680531 0 0 0 0.788000262557304 0 0 0 0 -0.777051048268 0 -0.992543617166511 0.206550507945814 -0.630308597113629 0 0.110284678870953 0 -0.0574076868560063 0 0 0 0 0 0 0 0 0 0 0 0.241797816148536 0 0 0.628887198561714 0
0 0 0 0 1.12726313631187 2.33514658608881 0 0 0 1.05667731199842 0 0 0 0 -0.168973052238847 0 0 0 0 0 0 -0.183008138015981 0 0 0 0 0 0 -0.737129190377766 0 0 0.440633238058386 0 0.247650246434427 0 0 0 0 0 0 0 0 -1.77565451356849 0 0 0 0 0 0 1.30586240190803
0 0 0 0 0 0 0 0 -0.0346222800346323 0 0 0 0 0 0 0 0 0 0 0 0 0 0 0 0 0 0 0 0 0 0 0 0 0 0 0 0 0 0 0 0 0 -0.234306211489488 0 0 0 0 0 0 0
0 0 0 -1.44478494452729 0 0.611557146190102 0 0 0 0 0 0 0 0 -1.2251187918148 -0.810984064438224 0 0 0 0 0 1.06043469538065 0 0 0 -0.25321944858055 0 0 0 0.0651317665726535 0 0 0 0 0 0 0 0 0 0 0 0 0 0 0.3596489299558 0 0 0 0 0
0 0 0 0 0 0 0 0 0 0 0 0 0 0 0 0 0 0 0 0 0 0 0 0 0 0 0.737507593142336 0 0 0 0 0.855790496190541 -0.592429501632676 0 0 -0.545135067405665 -2.02953803223931 0 0 0 0 0 -0.0165460827436564 0 0 -1.4125072683713 0 0 0 -0.0266563689869289
0 0 0 -0.925387245786857 0 0 0 0 0 0.394701102743175 0 -0.266176008284381 0 0 0 0 0 0.341594926823447 0 0 0 0 0 0 0 0 0 0 0 0 -0.552431968070909 0 0.492594459865078 0 0.0969067831792261 0 0 0 -1.77565451356849 -0.234306211489488 0 -0.0165460827436564 0 0 0 0 0 0 0 -1.29187199586247
0 0 0 0.0584837762740904 0 0 0 -0.907423495054416 1.76121969964534 0 0 0 0 0 0 0.703852391242042 0 0 0 0 0 0 0 -0.902329290449186 0 0 0 0 0 0 0 0 0 0 0 0 0 0 0 0 0 0 0 0 0 0 0 0 0 0
0 0 0 0 0 0 0 0 -0.662613501292467 0 0 0 0 0 -1.04334316733284 0 0 0 0 0 0 0 0 0.268574720710447 0.826477480356784 0 0 0 0 0 0 0 0 0 0 0 0 0 0 0 0.3596489299558 0 0 0 0 -0.136651779858567 0 0 0 0
0 0 -0.806958783678671 0 -0.457004300425839 0 0 0 0 0 1.18535135654763 0 0.668974597288909 0 0 0 -0.368048288502862 0 0 0 0 -1.49889487534059 0 0 0 0 -1.29156170192002 0 0 0 0 0.483889599359508 0 0 0 0 0 0.241797816148536 0 0 0 -1.4125072683713 0 0 -0.136651779858567 0 -1.4242474641786 1.25064277445241 0 0
0 0 0 0 0 0 0 0 0 0 0 0 1.75627309070133 0.41163715508422 0 0.8629103910516 0 0 0 0 0.00660867383865044 0.814874950932628 0 0 0 0 0 0 0 0 -1.7204734992565 0.051067247963241 0 0 0 0 0 0 0 0 0 0 0 0 0 -1.4242474641786 0 0 0 0
-1.25511834182521 0 0 0.241538453903067 0 0 0 0 0.682578516690018 -1.14126368453975 1.32685537588014 0.842757718585525 0 0 0 0 0 -0.980756717805119 0 0 0 0 0 0 0 0 0 0 0 0 0.829986049732991 0 0 0 0 1.2012583637817 0 0 0 0 0 0 0 0 0 1.25064277445241 0 0 0 0
0 0 0 0 0 0.819927362718865 0 -3.34851387177322 0 0 0 0 0 0 -1.00011714667849 0 0 -0.300391860445927 0 0 0 0 0 0 0 0 0 0 0.168629522620557 0 0 0 0 1.27965664607787 0 -0.444414762595565 0 0.628887198561714 0 0 0 0 0 0 0 0 0 0 0 0.792567889142044
0 0 0 0 0 0 0 0 0 0 0 0 0 0 0 1.70948423507934 0 0 0 0 0 0 0.492173570472284 0 0 0 0 0 0 0 0.671840207086808 0 0 0 0 0 0 0 1.30586240190803 0 0 -0.0266563689869289 -1.29187199586247 0 0 0 0 0 0.792567889142044 0
