0 0 0 -0.338875456881731 0 0 0 0.808991489190042 0.63795336859023 0 0 0.910605907660129 0 -1.87649636151652 0 0
0 0 0 0 -0.295686387113969 0 0 0 0 -0.27319248794365 0 0 0 0 0.6696873064765 0
0 0 0 0 0 0 0 2.43423241408962 0 0 -0.0162855950404543 0 0 0 0 0
-0.338875456881731 0 0 0 0 0 0 0 0 0 0 0 0 0 0.120254150240254 0
0 -0.295686387113969 0 0 0 0 -0.501312321191741 0 0 0 0 -0.853434281946901 0.354733621560524 0 0 0
0 0 0 0 0 0 0 0 -0.106351389539824 0 0 -1.34863782338639 0 0 0 -0.653843062356547
0 0 0 0 -0.501312321191741 0 0 0 0 0 0 0 0 -2.27796805145372 0 0
0.808991489190042 0 2.43423241408962 0 0 0 0 0 0 0 0 0 -0.615680026357003 0 0.401139779608422 0.938489930423803
0.63795336859023 0 0 0 0 -0.106351389539824 0 0 0 0 0 0 0 0 0.520413889600845 -0.534040762379295
0 -0.27319248794365 0 0 0 0 0 0 0 0 0 0 -2.02069825484831 0 0 0
0 0 -0.0162855950404543 0 0 0 0 0 0 0 0 0 0 0 0 0
0.910605907660129 0 0 0 -0.853434281946901 -1.34863782338639 0 0 0 0 0 0 0 0 -1.18201594878789 0
0 0 0 0 0.354733621560524 0 0 -0.615680026357003 0 -2.02069825484831 0 0 0 0 0 0
-1.87649636151652 0 0 0 0 0 -2.27796805145372 0 0 0 0 0 0 0 -1.82911466954676 0
0 0.6696873064765 0 0.120254150240254 0 0 0 0.401139779608422 0.520413889600845 0 0 -1.18201594878789 0 -1.82911466954676 0 0
0 0 0 0 0 -0.653843062356547 0 0.938489930423803 -0.534040762379295 0 0 0 0 0 0 0
