0 4924.6617308259 70.4326832890511 639.760892599821 2641.09125091136 359.177180498838 166.382993072271 1080.07189908624 5.83911576867104 4.38039903342724 1452.14082208276 101.775779098272 86.0492671281099 427.375781148672 33.2182723879814 343.308806747198 10.1755562126637 30.0163051784039 3.13828536868095 8.26120114326477 23.4616340398788 40.2796250581741 32.0581952929497 39.287758409977 0.6496761739254 3.94984635710716 19.0423198640346 8.91479191184044 0.880859822034836 39.4949924498797 5.96012541651726 13.3343534767628
4924.6617308259 0 331.202687442303 2398.23617948592 7095.62667089701 171.868378847837 727.657210975885 8886.05697721243 84.7636350393295 3.66352045536041 44.6306129992008 7.75155282020569 125.855495870113 775.359725892544 4.77088341116905 21.7908130288124 175.976052373648 590.672182813287 43.3906304985285 81.3192126601934 151.538188546896 25.5535259246826 31.4658215045929 109.392854481936 32.7118647992611 0 24.1986463069916 43.2587775886059 18.5039744228125 211.344033941626 0 0.335564196109772
70.4326832890511 331.202687442303 0 1353.77897715568 637.498361900449 6.47587770223618 264.73008581996 128.219337105751 108.444371640682 71.556470066309 3.952966183424 1.27448487281799 1083.65866158903 77.0415100902319 12.4011006653309 17.5966941714287 48.0094659030437 256.527234256267 23.3729724884033 106.173678159714 136.414725139737 27.4876516908407 22.2022391557694 54.0096090734005 22.511192381382 0 26.8928201645613 79.6405192613602 28.7423519045115 237.818500325084 0 0
639.760892599821 2398.23617948592 1353.77897715568 0 2461.63745692372 735.712151885033 2336.15880304575 567.078914016485 18.5215979218483 0.69990399479866 3610.53773885965 449.38529792428 34.623433470726 700.337547108531 13.5587413311005 224.616295367479 34.8916171789169 79.0434703677893 2.72595864534378 119.237381100655 53.9426826089621 23.2971114218235 50.6033533811569 22.8411748111248 16.6089992523193 2.87118619680405 25.9071291089058 77.4330863058567 9.74267473816872 124.153039172292 2.60996305942535 6.17888775467873
2641.09125091136 7095.62667089701 637.498361900449 2461.63745692372 0 375.624579280615 330.9432631284 1102.66215477884 131.137311369181 11.4358423948288 78.7592628896236 15.8892982900143 458.854015946388 1389.44056980312 5.45809900760651 14.700121819973 63.4486909359694 436.942490711808 62.7744361460209 125.693767860532 357.924510776997 104.274058252573 42.6595265269279 156.467235386372 65.9488842785358 0.407177895307541 87.9012271463871 71.1545122563839 46.9385864436626 518.89968277514 0 1.42641806602478
359.177180498838 171.868378847837 6.47587770223618 735.712151885033 375.624579280615 0 342.24492803216 1904.46347093582 112.858641445637 129.638231724501 312.770160228014 234.481887459755 625.988741695881 1128.50279855728 167.869914621115 441.589384943247 2.15150988101959 19.8673850148916 1.86511632800102 2.28674563765526 13.9270635843277 5.81572648882866 8.05957308411598 12.4824388325214 0.861009895801544 3.08742564916611 5.20705005526543 2.2848761677742 4.31252837181091 21.4700155109167 1.61355817317963 1.17724701762199
166.382993072271 727.657210975885 264.73008581996 2336.15880304575 330.9432631284 342.24492803216 0 9249.92800590396 420.476894706488 882.376298516989 672.893237143755 2496.11501768231 3294.3656847775 799.918781414628 5294.29373914003 5506.58198653162 38.9511754512787 259.480463564396 17.9020298570395 121.127166986465 172.822051912546 17.9046656787396 2408.11485755444 3974.00822740793 11.0152085125446 34.6781695783138 114.496551215649 134.441590338945 61.785192489624 270.497867524624 159.109027057886 100.826138392091
1080.07189908624 8886.05697721243 128.219337105751 567.078914016485 1102.66215477884 1904.46347093582 9249.92800590396 0 62.9885170459747 74.0359063148499 1086.52013424039 224.367554962635 285.793123632669 490.219096109271 1198.08830028772 3170.06458126009 72.9240611493587 265.823730945587 25.0060367882252 36.9114724993706 112.34155164659 54.6108523607254 702.861049771309 99.2012512981892 19.9434421062469 0.533993184566498 39.910159856081 20.7333898842335 19.9955797195435 242.224148318172 13.7532310187817 13.1336361467838
5.83911576867104 84.7636350393295 108.444371640682 18.5215979218483 131.137311369181 112.858641445637 420.476894706488 62.9885170459747 0 50.1420595049858 0 1.86513888835907 849.467506527901 50.6040002703667 50.5480153858662 1.59824219346046 30.7283538877964 62.4899870157242 8.69293555617332 27.8810136020184 67.9941712319851 6.21829059720039 7.18419659137726 31.2952368557453 7.85748249292374 16.5197520852089 12.0676914155483 10.586351275444 204.703455597162 76.9925023019314 5.35429465770721 0.325874537229538
4.38039903342724 3.66352045536041 71.556470066309 0.69990399479866 11.4358423948288 129.638231724501 882.376298516989 74.0359063148499 50.1420595049858 0 3.16617071628571 1.12279385328293 661.612144470215 20.9566271305084 329.210781663656 77.0106227397919 0 0.961753517389297 35.4858018755913 0 0.2533098757267 0 10.2216459810734 2.81346300244331 79.9252138733864 252.545995920897 0 0.968404591083527 833.873279213905 0.357883751392365 54.8269380033016 0.530446171760559
1452.14082208276 44.6306129992008 3.952966183424 3610.53773885965 78.7592628896236 312.770160228014 672.893237143755 1086.52013424039 0 3.16617071628571 0 260.670805037022 36.1273348033428 1583.92365241051 48.7770581245422 1216.92560186982 6.34798434376717 10.3233671486378 1.54611429572105 18.4595612585545 12.1542527675629 11.7015682458878 48.5475799739361 8.24896347522736 2.14870238304138 1.36173579096794 7.64673948287964 11.3930175304413 6.88685566186905 22.6044693887234 3.34017303586006 6.19088912010193
101.775779098272 7.75155282020569 1.27448487281799 449.38529792428 15.8892982900143 234.481887459755 2496.11501768231 224.367554962635 1.86513888835907 1.12279385328293 260.670805037022 0 579.031612813473 901.839963912964 36.9974336922169 176.010856866836 4.39036643505096 4.48640242218971 0.316442757844925 2.3627308011055 3.52963683009148 42.1870579123497 33.3637019693851 23.662946164608 0.877559423446655 3.07158955931664 1.80362674593925 7.96606859564781 1.98380470275879 4.49539801478386 3.9433930516243 12.9024046957493
86.0492671281099 125.855495870113 1083.65866158903 34.623433470726 458.854015946388 625.988741695881 3294.3656847775 285.793123632669 849.467506527901 661.612144470215 36.1273348033428 579.031612813473 0 1001.9548162967 989.096104025841 454.196892008185 44.7106018066406 173.354833990335 15.9133431315422 74.8516071140766 128.702671065927 34.8201588243246 50.3399522900581 51.8326141834259 32.851183205843 33.1623736321926 14.4118876308203 45.8862779140472 55.8694575428963 199.352038383484 30.9592217803001 12.8306039869785
427.375781148672 775.359725892544 77.0415100902319 700.337547108531 1389.44056980312 1128.50279855728 799.918781414628 490.219096109271 50.6040002703667 20.9566271305084 1583.92365241051 901.839963912964 1001.9548162967 0 124.652307391167 3397.76905627549 50.1305624395609 352.766728892922 44.4922366440296 99.3190702497959 239.612752363086 74.8200346082449 115.089034408331 141.070651590824 18.9723677635193 1.92023622989654 53.4958805143833 61.2318368256092 33.0690176635981 344.693038016558 11.4070194363594 45.0604994148016
33.2182723879814 4.77088341116905 12.4011006653309 13.5587413311005 5.45809900760651 167.869914621115 5294.29373914003 1198.08830028772 50.5480153858662 329.210781663656 48.7770581245422 36.9974336922169 989.096104025841 124.652307391167 0 876.053947418928 1.19156637787819 17.1957625448704 32.2770802974701 0 4.14806452393532 1.10215499997139 311.25734859705 276.651189386845 79.6440244019032 417.556675881147 1.15555715560913 7.0494028031826 769.144436836243 6.36803144216537 110.807356745005 46.1330765485763
343.308806747198 21.7908130288124 17.5966941714287 224.616295367479 14.700121819973 441.589384943247 5506.58198653162 3170.06458126009 1.59824219346046 77.0106227397919 1216.92560186982 176.010856866836 454.196892008185 3397.76905627549 876.053947418928 0 1.12749657034874 3.62242841720581 1.26075002551079 1.14734175801277 1.36825293302536 1.12035912275314 295.749243035913 51.0447369068861 0.453678399324417 10.8657932877541 9.12285463511944 23.3849414885044 183.829186469317 47.9752132147551 97.1620538830757 119.66438049078
10.1755562126637 175.976052373648 48.0094659030437 34.8916171789169 63.4486909359694 2.15150988101959 38.9511754512787 72.9240611493587 30.7283538877964 0 6.34798434376717 4.39036643505096 44.7106018066406 50.1305624395609 1.19156637787819 1.12749657034874 0 5143.63243567944 518.41935518384 520.744755238295 2226.17271894216 64.1373821496964 88.2351016998291 985.909021139145 37.4531127810478 0.327867805957794 529.571147322655 110.67912197113 27.0603883862495 125.498923227191 3.92165665328503 73.1388750970364
30.0163051784039 590.672182813287 256.527234256267 79.0434703677893 436.942490711808 19.8673850148916 259.480463564396 265.823730945587 62.4899870157242 0.961753517389297 10.3233671486378 4.48640242218971 173.354833990335 352.766728892922 17.1957625448704 3.62242841720581 5143.63243567944 0 840.477404266596 2411.1746365726 7907.03311230242 135.260577470064 329.110699087381 6621.60310986638 82.1876140534878 0 204.634371876717 68.0475447773933 102.595279186964 361.631538897753 0.936968594789505 3.85444861650467
3.13828536868095 43.3906304985285 23.3729724884033 2.72595864534378 62.7744361460209 1.86511632800102 17.9020298570395 25.0060367882252 8.69293555617332 35.4858018755913 1.54611429572105 0.316442757844925 15.9133431315422 44.4922366440296 32.2770802974701 1.26075002551079 518.41935518384 840.477404266596 0 106.571693882346 1679.17328853905 42.335372030735 17.4399414211512 342.31134404242 4.01072996854782 22.2571765780449 5.76249966025352 6.32016234099865 2550.84978324175 67.1104569733143 9.77423852682114 8.68338893353939
8.26120114326477 81.3192126601934 106.173678159714 119.237381100655 125.693767860532 2.28674563765526 121.127166986465 36.9114724993706 27.8810136020184 0 18.4595612585545 2.3627308011055 74.8516071140766 99.3190702497959 0 1.14734175801277 520.744755238295 2411.1746365726 106.571693882346 0 3833.59434595704 293.58339074254 747.305250123143 537.11781719327 114.30157276988 0 925.184606343508 1370.73585769534 19.0899108350277 142.084568887949 5.3371245265007 44.0864223539829
23.4616340398788 151.538188546896 136.414725139737 53.9426826089621 357.924510776997 13.9270635843277 172.822051912546 112.34155164659 67.9941712319851 0.2533098757267 12.1542527675629 3.52963683009148 128.702671065927 239.612752363086 4.14806452393532 1.36825293302536 2226.17271894216 7907.03311230242 1679.17328853905 3833.59434595704 0 174.886110335589 207.672542095184 2167.5087710619 79.594543248415 0 309.21484452486 222.633048534393 296.066472262144 1666.87004169822 0 7.11413906514645
40.2796250581741 25.5535259246826 27.4876516908407 23.2971114218235 104.274058252573 5.81572648882866 17.9046656787396 54.6108523607254 6.21829059720039 0 11.7015682458878 42.1870579123497 34.8201588243246 74.8200346082449 1.10215499997139 1.12035912275314 64.1373821496964 135.260577470064 42.335372030735 293.58339074254 174.886110335589 0 238.999850690365 1601.15807802975 19.1051343977451 175.904969751835 203.116461217403 83.1327411830425 33.1829643547535 472.021359890699 533.969003260136 68.5287749767303
32.0581952929497 31.4658215045929 22.2022391557694 50.6033533811569 42.6595265269279 8.05957308411598 2408.11485755444 702.861049771309 7.18419659137726 10.2216459810734 48.5475799739361 33.3637019693851 50.3399522900581 115.089034408331 311.25734859705 295.749243035913 88.2351016998291 329.110699087381 17.4399414211512 747.305250123143 207.672542095184 238.999850690365 0 7602.07797217369 39.5060538053513 1044.17821222544 1177.03775218129 1164.71250233054 271.902605652809 273.715921700001 8680.63739934564 7163.09585553408
39.287758409977 109.392854481936 54.0096090734005 22.8411748111248 156.467235386372 12.4824388325214 3974.00822740793 99.2012512981892 31.2952368557453 2.81346300244331 8.24896347522736 23.662946164608 51.8326141834259 141.070651590824 276.651189386845 51.0447369068861 985.909021139145 6621.60310986638 342.31134404242 537.11781719327 2167.5087710619 1601.15807802975 7602.07797217369 0 33.2009962797165 37.4340650439262 332.345537930727 63.7487497329712 93.9919329583645 716.950933560729 514.566893607378 2981.8344001174
0.6496761739254 32.7118647992611 22.511192381382 16.6089992523193 65.9488842785358 0.861009895801544 11.0152085125446 19.9434421062469 7.85748249292374 79.9252138733864 2.14870238304138 0.877559423446655 32.851183205843 18.9723677635193 79.6440244019032 0.453678399324417 37.4531127810478 82.1876140534878 4.01072996854782 114.30157276988 79.594543248415 19.1051343977451 39.5060538053513 33.2009962797165 0 116.99213463068 26.3767532408237 126.403003156185 2608.5144700706 272.203463152051 100.051185518503 3.54204055666923
3.94984635710716 0 0 2.87118619680405 0.407177895307541 3.08742564916611 34.6781695783138 0.533993184566498 16.5197520852089 252.545995920897 1.36173579096794 3.07158955931664 33.1623736321926 1.92023622989654 417.556675881147 10.8657932877541 0.327867805957794 0 22.2571765780449 0 0 175.904969751835 1044.17821222544 37.4340650439262 116.99213463068 0 2.69874680042267 5.23442074656487 347.975555986166 2.18536308407784 315.137079000473 27.6699048280716
19.0423198640346 24.1986463069916 26.8928201645613 25.9071291089058 87.9012271463871 5.20705005526543 114.496551215649 39.910159856081 12.0676914155483 0 7.64673948287964 1.80362674593925 14.4118876308203 53.4958805143833 1.15555715560913 9.12285463511944 529.571147322655 204.634371876717 5.76249966025352 925.184606343508 309.21484452486 203.116461217403 1177.03775218129 332.345537930727 26.3767532408237 2.69874680042267 0 1021.9321937561 10.0216324627399 590.024970695376 7.43213707208633 578.656757712364
8.91479191184044 43.2587775886059 79.6405192613602 77.4330863058567 71.1545122563839 2.2848761677742 134.441590338945 20.7333898842335 10.586351275444 0.968404591083527 11.3930175304413 7.96606859564781 45.8862779140472 61.2318368256092 7.0494028031826 23.3849414885044 110.67912197113 68.0475447773933 6.32016234099865 1370.73585769534 222.633048534393 83.1327411830425 1164.71250233054 63.7487497329712 126.403003156185 5.23442074656487 1021.9321937561 0 123.087871104479 383.667109832168 34.454979300499 321.753200337291
0.880859822034836 18.5039744228125 28.7423519045115 9.74267473816872 46.9385864436626 4.31252837181091 61.785192489624 19.9955797195435 204.703455597162 833.873279213905 6.88685566186905 1.98380470275879 55.8694575428963 33.0690176635981 769.144436836243 183.829186469317 27.0603883862495 102.595279186964 2550.84978324175 19.0899108350277 296.066472262144 33.1829643547535 271.902605652809 93.9919329583645 2608.5144700706 347.975555986166 10.0216324627399 123.087871104479 0 1597.51201878488 764.654527425766 187.302510276437
39.4949924498797 211.344033941626 237.818500325084 124.153039172292 518.89968277514 21.4700155109167 270.497867524624 242.224148318172 76.9925023019314 0.357883751392365 22.6044693887234 4.49539801478386 199.352038383484 344.693038016558 6.36803144216537 47.9752132147551 125.498923227191 361.631538897753 67.1104569733143 142.084568887949 1666.87004169822 472.021359890699 273.715921700001 716.950933560729 272.203463152051 2.18536308407784 590.024970695376 383.667109832168 1597.51201878488 0 14.5355856120586 420.802761673927
5.96012541651726 0 0 2.60996305942535 0 1.61355817317963 159.109027057886 13.7532310187817 5.35429465770721 54.8269380033016 3.34017303586006 3.9433930516243 30.9592217803001 11.4070194363594 110.807356745005 97.1620538830757 3.92165665328503 0.936968594789505 9.77423852682114 5.3371245265007 0 533.969003260136 8680.63739934564 514.566893607378 100.051185518503 315.137079000473 7.43213707208633 34.454979300499 764.654527425766 14.5355856120586 0 1095.60460212827
13.3343534767628 0.335564196109772 0 6.17888775467873 1.42641806602478 1.17724701762199 100.826138392091 13.1336361467838 0.325874537229538 0.530446171760559 6.19088912010193 12.9024046957493 12.8306039869785 45.0604994148016 46.1330765485763 119.66438049078 73.1388750970364 3.85444861650467 8.68338893353939 44.0864223539829 7.11413906514645 68.5287749767303 7163.09585553408 2981.8344001174 3.54204055666923 27.6699048280716 578.656757712364 321.753200337291 187.302510276437 420.802761673927 1095.60460212827 0
