0 0 0 0 0 0 0.785733591516937 0 0 0 0.729803925764904 0 0 0 0 0 0 -0.821264865939525 0 0 0 0.120710931352837 0 0 0 0 0.327781968389788 0 0.118040674508842 0 1.72134114824044 0
0 0 0.0432795273392705 0 0 0 0 0 0 0 0 0 0 0 0 0 0 0.247639961061401 0 0 0 0.0423063197016611 0 0 0 0 0 0 0.534041057833026 0 0 -0.143842665109675
0 0.0432795273392705 0 0 0 0 0 0.270763392826183 0 0 0 0 0 0 0 0 0 0 0 0 0 -0.347413735837062 -0.118418999502438 0 -0.667516107191978 0 0 0 0 0 0 0
0 0 0 0 0 0 -0.865352084295071 0 0 0 0 0 -0.200643615816902 -0.815965085488457 0 0 0 0 0 0 0 0 0 0 0 0 0.290897918357239 0 0 0 0 0
0 0 0 0 0 0.69295694224291 0 0 0 0 0 0 0 -1.26632043802228 0.6574667082017 0 0 0 -1.80882721444338 0 0.221453092175144 0 0 0 0 1.07176713887868 0.644726754443404 0 0 0 0 0
0 0 0 0 0.69295694224291 0 0 0 0 0 0 0 0 0 0.319786877691041 0 0 0 0 -0.214536496333746 0 0 0 0 0.364187348711755 0 0 0 0 0 0 0
0.785733591516937 0 0 -0.865352084295071 0 0 0 -1.01744744668892 0 0 1.24728030545415 0 -0.578398142196907 0.105672905303907 0 0 0 0 0 0 -0.0195984224111529 0 0 0 1.5541090022112 0 0 0 0 0 0.631554871151627 0
0 0 0.270763392826183 0 0 0 -1.01744744668892 0 0 0 0 0 0 0 0 0 0 0 0 0 0 0 0 0 0 0 0 -1.63018054485189 0 0 0 0
0 0 0 0 0 0 0 0 0 -0.503764543339975 0 0 0 0 -0.459000266710402 0 0 0 -0.275072182255966 0 0 0 -0.00724434054378024 0 0 0 0 0 0 0 0 0
0 0 0 0 0 0 0 0 -0.503764543339975 0 -0.371973939984112 0 0.236272576740596 -0.0663599337929038 0 0 0 0 0 2.33921466201617 0 0 0 0 0 0 0 -0.099849224585779 0 0 1.40249412366676 0
0.729803925764904 0 0 0 0 0 1.24728030545415 0 0 -0.371973939984112 0 0.112108097451134 0 0 0 0 0 0 0 0 0 0 0 0 0 -1.68630451767006 0 0 0 0 0.422251261495639 0
0 0 0 0 0 0 0 0 0 0 0.112108097451134 0 0 0 0 0 0 -0.303193638084466 0 0 0 0 0 0 0 2.70953029162615 0 0 0.698119508843035 0 0 0
0 0 0 -0.200643615816902 0 0 -0.578398142196907 0 0 0.236272576740596 0 0 0 0 0 0 0 -1.05763271512709 0 0 0 0 0 0 0 0 0 0 -0.393959819593699 0 0 0
0 0 0 -0.815965085488457 -1.26632043802228 0 0.105672905303907 0 0 -0.0663599337929038 0 0 0 0 0 0 0 0 0 1.44111885800799 0 0 0.685843356042872 -0.654164743221655 0 0 0 0 0 0 0 0
0 0 0 0 0.6574667082017 0.319786877691041 0 0 -0.459000266710402 0 0 0 0 0 0 0 0 0 0 0 0 -1.83651037517971 0 0 0 1.43652436948575 0 -0.743063883619254 1.6852300576561 0 0 0
0 0 0 0 0 0 0 0 0 0 0 0 0 0 0 0 0 0 0.298104782403658 0 0.0276344961997774 0 0 0 0 -0.269393436707975 0 0 0 0 0 0.874282139239811
0 0 0 0 0 0 0 0 0 0 0 0 0 0 0 0 0 -0.549219500920371 0 -0.928603067985983 0 0 0 0 0 0 0 0 0 0 0 0
-0.821264865939525 0.247639961061401 0 0 0 0 0 0 0 0 0 -0.303193638084466 -1.05763271512709 0 0 0 -0.549219500920371 0 0 0 0 0 0 0 0 0 0 0 -1.1900721736058 0.536595390378094 0 0
0 0 0 0 -1.80882721444338 0 0 0 -0.275072182255966 0 0 0 0 0 0 0.298104782403658 0 0 0 0 0 0 0 0 0 0 0 -1.06154514479785 0 0 -1.00620675969761 0
0 0 0 0 0 -0.214536496333746 0 0 0 2.33921466201617 0 0 0 1.44111885800799 0 0 -0.928603067985983 0 0 0 0 0 0 0 0 0 0 0 0 0 0 0
0 0 0 0 0.221453092175144 0 -0.0195984224111529 0 0 0 0 0 0 0 0 0.0276344961997774 0 0 0 0 0 0 0 0 0 0.364611544553094 0 0 0 0 0 0
0.120710931352837 0.0423063197016611 -0.347413735837062 0 0 0 0 0 0 0 0 0 0 0 -1.83651037517971 0 0 0 0 0 0 0 0 -2.26779584771764 0 0 0 0 0 0 0 0
0 0 -0.118418999502438 0 0 0 0 0 -0.00724434054378024 0 0 0 0 0.685843356042872 0 0 0 0 0 0 0 0 0 0 0 0.383591226856813 -1.94798118851705 0 0 -0.507032756240091 0 0
0 0 0 0 0 0 0 0 0 0 0 0 0 -0.654164743221655 0 0 0 0 0 0 0 -2.26779584771764 0 0 -0.472298475934151 0.175734638214849 0 -0.926072839608569 0 0 0 0
0 0 -0.667516107191978 0 0 0.364187348711755 1.5541090022112 0 0 0 0 0 0 0 0 0 0 0 0 0 0 0 0 -0.472298475934151 0 0 -0.272784456875753 0 0 0 -1.40580177589516 0
0 0 0 0 1.07176713887868 0 0 0 0 0 -1.68630451767006 2.70953029162615 0 0 1.43652436948575 -0.269393436707975 0 0 0 0 0.364611544553094 0 0.383591226856813 0.175734638214849 0 0 0 0 0 -0.24149811592276 0 0
0.327781968389788 0 0 0.290897918357239 0.644726754443404 0 0 0 0 0 0 0 0 0 0 0 0 0 0 0 0 0 -1.94798118851705 0 -0.272784456875753 0 0 0 0 0 0.907797978556183 0
0 0 0 0 0 0 0 -1.63018054485189 0 -0.099849224585779 0 0 0 0 -0.743063883619254 0 0 0 -1.06154514479785 0 0 0 0 -0.926072839608569 0 0 0 0 0 0 0 0.606480065428805
0.118040674508842 0.534041057833026 0 0 0 0 0 0 0 0 0 0.698119508843035 -0.393959819593699 0 1.6852300576561 0 0 -1.1900721736058 0 0 0 0 0 0 0 0 0 0 0 0 0.679543021197849 0
0 0 0 0 0 0 0 0 0 0 0 0 0 0 0 0 0 0.536595390378094 0 0 0 0 -0.507032756240091 0 0 -0.24149811592276 0 0 0 0 0 0
1.72134114824044 0 0 0 0 0 0.631554871151627 0 0 1.40249412366676 0.422251261495639 0 0 0 0 0 0 0 -1.00620675969761 0 0 0 0 0 -1.40580177589516 0 0.907797978556183 0 0.679543021197849 0 0 1.01235537755654
0 -0.143842665109675 0 0 0 0 0 0 0 0 0 0 0 0 0 0.874282139239811 0 0 0 0 0 0 0 0 0 0 0 0.606480065428805 0 0 1.01235537755654 0
