x y z
-3.159407 -87.63855 -10.30959
-11.905758 -96.161049 -7.537459
-34.651012 -59.536362 -16.390913
-27.725294 -56.534359 -9.543889
-32.868668 -80.88356 -14.068507
-21.73035 -75.603859 -7.988677
-16.833183 -87.35125 -10.646689
-24.373373 -97.475876 -8.6032
-38.19492 -87.014641 -3.071007
-44.262287 -76.673965 4.194829
-24.222927 -93.466919 4.90337
-11.596314 -101.262581 6.65511
-32.147869 -86.552155 8.27527
-20.445982 -92.505981 18.635857
-25.034222 -80.674583 20.275385
-9.419701 -58.510303 2.751638
-6.50955 -75.176971 6.162441
-8.41946 -90.69474 2.893336
-20.564558 -69.921371 7.152276
-5.976515 -79.725777 12.050241
-23.741653 -47.350651 -6.287909
-14.963142 -61.26535 -3.989393
-8.573908 -75.853897 -3.245794
-15.331221 -45.65247 -4.1106
-22.58884 -55.309662 4.274804
-9.691714 -93.829544 15.245811
-4.747749 -84.795837 24.241497
-10.840408 -73.824524 20.91201
-15.476213 -87.059074 31.362799
-14.640883 -78.371574 33.557865
-44.417206 -28.918432 44.458519
-44.775803 -18.634914 52.239975
-40.496273 -13.22003 49.144264
-7.548419 -13.393872 48.286839
-44.960728 -31.693598 54.929035
-37.89957 -26.685705 49.422215
-9.8179 -37.915806 54.292961
-35.547504 -21.920855 62.01231
-5.170479 -25.145096 56.296951
-29.238754 -44.917747 60.7253
-5.616 -7.663898 62.079571
-32.543739 -31.403004 59.53772
-28.919308 -12.327724 60.566216
-28.12871 -37.357628 62.364845
-10.511461 -41.808247 68.074997
-20.750332 -25.541367 61.823975
-19.550938 -31.732742 64.210228
-18.150946 -14.063257 67.672401
-18.929426 -37.151714 67.254013
-2.441384 -33.273552 66.643837
-7.015388 -17.04512 72.382675
-12.329369 -27.451454 69.692505
-10.856562 -34.540169 72.141129
-57.866928 -6.660156 17.756205
-61.336369 -13.261344 29.904192
-54.532364 -4.30826 30.1917
-52.65313 -10.882862 27.128567
-48.494099 -15.69557 37.7962
-48.485882 -10.401002 41.703064
-36.420788 -20.301317 39.256405
-35.51329 -12.314688 17.201859
-33.748383 -27.744474 19.217701
-50.399914 -15.742018 15.066573
-59.632797 -5.18513 10.75282
-47.902096 -25.931646 18.440445
-58.520733 -19.223082 21.541775
-33.488396 -23.17444 7.623707
-54.617474 -4.006523 0.758394
-55.964493 -18.488552 5.588017
-43.363533 -19.164703 3.773742
-56.954697 -28.887592 10.552973
-44.006401 -30.012011 8.40723
-54.749077 -38.971703 17.351494
-40.851311 -37.389999 16.04192
-44.279331 -42.401848 -18.073654
-45.636604 -56.480099 -10.72797
-41.889969 -74.340759 -7.49596
-43.804356 -68.097855 11.744846
-39.070396 -80.839424 16.971762
-30.767881 -82.619461 27.0054
-24.561182 -70.861465 31.723043
-20.64566 -78.285362 42.319611
-23.298317 -64.594841 47.753872
-16.519508 -68.126671 52.876606
-32.848053 -48.821922 49.485874
-29.819357 -53.687832 57.044186
-24.130301 -59.401722 57.900993
-13.748685 -61.838173 60.233295
-51.243412 -63.604317 1.453286
-59.072247 -23.848818 30.56909
-52.660191 -22.042831 39.451511
-53.924385 -30.934069 41.137474
-42.604382 -35.169193 42.387894
-36.877724 -39.642155 50.26292
-10.763645 -55.37492 62.952465
-22.042006 -53.72147 63.746742
-16.914669 -47.285442 67.536354
-38.383266 -4.48022 48.440998
-26.568197 -6.215101 50.110291
-21.315683 -4.574867 59.731998
-47.761292 -37.095955 23.80057
-57.597202 -30.482738 23.393621
-55.969173 -40.643547 28.720821
-59.686192 -34.480637 34.536499
-37.185562 1.276994 13.599919
-50.474586 -1.320661 5.146564
-49.905537 9.793206 13.135284
-39.024364 1.779968 -5.898391
-38.089336 -14.990062 -4.037448
-39.134399 -0.739639 6.176149
-31.103508 19.718189 11.058811
-9.890004 -31.093508 40.521778
-10.772491 -17.633234 39.209057
-12.454354 -42.778938 48.070602
-11.525208 -29.261362 44.879246
-7.346789 -49.011364 57.948624
-8.952432 12.80789 37.299923
-6.19027 -2.750633 41.282177
-6.747385 0.425567 50.017948
-5.329303 1.739235 59.130707
-14.350654 -3.044426 68.997444
-56.309078 -43.16695 39.432549
-37.139473 45.57095 17.118893
-29.52203 41.696178 26.610537
-36.264954 29.513815 35.344139
-33.29652 15.359715 -9.319025
-29.46727 25.922258 -0.795922
-45.044937 13.049331 1.285215
-2.780057 22.895887 23.801645
-2.338576 9.456977 29.042646
-8.835608 29.122498 27.762871
-6.308043 12.333944 51.564407
-12.476452 25.955393 -20.954714
-21.742498 22.203348 -18.989927
-4.574821 44.793903 -24.292078
-17.209581 50.252945 -16.742882
-3.589441 21.380922 -22.266262
-16.153109 61.926834 -5.61026
-32.208481 -0.23373 -44.391182
-47.925812 -6.40206 -39.329529
-24.967497 -8.252602 -34.74086
-40.746418 -14.478979 -27.380407
-25.827436 10.600614 -32.733517
-51.712624 -24.419973 -28.842905
-20.086287 -16.817978 -28.325102
-37.483444 -37.025242 -22.391396
-41.605293 6.643985 -21.513206
-46.705151 3.213848 -12.511398
-56.759502 -53.015011 -8.658044
-29.435232 -72.574432 39.080227
-26.836596 -65.643608 41.771221
-51.263309 -38.939362 45.89912
-34.003548 -59.593002 43.156414
-43.845718 -44.641129 44.550579
-34.117283 -48.669441 40.745644
-39.594597 -40.831478 42.531322
-28.773649 -57.182808 48.291317
-30.780556 4.110607 57.102001
-22.330687 8.662019 53.302994
-41.746201 23.408194 22.349026
-40.142555 34.762932 26.802654
-51.25597 5.772 26.236872
-38.684502 9.993736 28.404661
-44.037163 0.271536 36.810722
-41.08622 35.80827 12.785416
-1.912641 -3.844167 32.403263
-57.373943 -40.615417 -17.841972
-51.288845 -50.03215 42.217102
-41.155327 -52.221615 45.818806
-28.530846 16.507624 50.468948
-18.200294 11.544681 62.829044
-41.996578 17.139166 34.52702
-31.182579 50.999073 -12.655296
-28.627266 54.950424 1.100848
-39.508293 48.843357 0.947635
-28.016405 51.482563 12.041699
-5.254537 24.277899 47.365036
-10.40488 -67.231796 30.467829
-10.32153 -73.178368 41.719631
-7.642128 -67.96386 52.726074
-6.720518 -59.47987 53.269943
-4.583012 -37.548569 25.920425
-2.921607 -22.617783 29.163923
-43.130917 -68.677231 21.022362
-45.237045 -65.845261 30.650068
-39.137188 -69.927872 42.953186
-46.704842 -59.837814 42.239536
-21.106632 40.069328 35.207447
-27.121399 27.9349 41.028797
-20.420015 23.884878 48.455387
-5.183362 -47.251366 13.772598
-5.317688 -52.302822 20.201225
-5.110791 -59.709728 31.686941
-6.638266 -42.089375 33.671654
-2.689225 -30.020781 36.069355
-1.782728 -15.375962 37.323307
-4.281229 -66.011269 43.45509
-8.096715 -50.028191 44.653828
-5.710761 56.224663 -8.200296
-5.903605 37.103592 -8.868034
-6.40129 45.875637 7.120647
-6.576216 57.872787 10.470935
-17.825075 63.691677 10.814377
-5.422146 36.73653 16.049639
-8.413344 43.582058 21.818512
-44.310223 13.087648 -31.350273
-56.372059 -2.04211 -27.003632
-58.767372 -20.446978 -20.432669
-58.784821 -15.332249 -12.187201
-61.564365 -36.562725 -4.925955
-50.03307 -30.624361 -3.4685
-47.828613 -56.76339 23.048409
-55.397564 -51.452446 30.434803
-5.562212 58.22094 24.259621
-22.536221 49.635525 23.598328
-14.734034 53.840614 30.357597
-4.413818 41.451824 40.100014
-13.883615 39.325966 46.560791
-10.107616 23.502504 58.906166
-5.144711 7.416378 66.68084
-38.455345 16.164536 46.955994
-39.914101 4.366822 47.083157
-27.078476 16.468798 -17.259741
-33.563477 37.215729 -10.073401
-38.888992 22.469143 -15.284309
-44.824509 38.833923 -14.74656
-44.135155 30.140968 -5.335041
-46.753677 38.894836 -0.742922
-47.794624 26.980385 2.021825
-52.178291 22.888391 12.33526
-38.434624 -79.029305 32.055588
-9.106193 -47.104027 2.678607
-9.539583 -54.007183 6.838579
-10.248961 -58.564594 16.069046
-19.12892 -63.871311 19.573977
-33.909248 -23.719738 -22.996914
-19.186747 -27.380848 -20.874395
-31.475267 -35.229252 -14.272897
-16.644234 -35.631371 -13.230382
-12.793847 -39.116989 -7.727257
-51.437855 3.326423 -17.022266
-52.097824 -8.206408 -10.382951
-58.250114 -19.744585 -2.103709
-58.21217 -51.53228 3.561762
-59.641983 -33.731682 5.102246
-51.492157 -43.558136 4.964776
-50.246326 -55.966869 10.289596
-59.545448 -44.022652 13.089872
-51.351616 -50.717632 14.746141
-57.537064 -46.719124 21.942001
17.609102 -93.35836 0.69981
35.909328 -48.86977 -18.631124
35.237881 -74.707092 -13.270968
29.42403 -52.672649 -6.658324
23.181557 -74.461426 -7.660558
20.897764 -86.182892 -8.239956
40.25639 -81.709412 -11.203958
4.196894 -84.896896 -7.314636
45.475628 -69.653946 -0.13959
26.30484 -96.026665 -8.097822
38.700764 -84.754822 -1.499756
25.034752 -95.471672 7.343686
33.701935 -83.995796 7.929074
42.472702 -76.966286 14.643427
14.909814 -90.956963 16.754519
29.239012 -85.145317 18.57098
25.547817 -83.686554 31.446949
3.897345 -70.572784 7.269469
12.981836 -86.128059 5.690474
25.780926 -60.786755 5.881396
16.431345 -73.19046 11.112082
17.11072 -36.411564 -11.713774
15.758931 -56.142643 -5.14055
10.261224 -72.733582 -1.926169
14.425899 -54.654842 2.43988
20.133507 -45.202404 -3.538166
15.074207 -68.883133 20.512779
6.766 -82.574013 24.083971
18.004881 -78.053955 36.00415
53.888088 -17.851608 41.261044
9.920678 -12.788812 41.782288
49.321339 -13.606296 48.655006
42.038147 -10.985188 47.32201
47.39555 -26.053984 51.909145
8.142325 -2.342124 49.595028
38.571625 -21.310041 45.229275
7.1772 -14.433571 51.358353
41.21384 -25.911636 59.65749
36.32444 -21.478722 60.775261
32.095943 -34.170353 59.786293
31.794773 -27.875301 54.647949
30.206509 -40.440693 59.697235
10.561288 -38.936047 58.210014
6.02541 -23.089941 58.931911
23.506533 -29.609463 62.532085
20.738676 -25.059195 62.241753
15.697783 -8.048 68.864372
8.066605 -40.466038 65.891594
21.705364 -35.024952 67.434547
19.07707 -16.896957 70.529465
8.36216 -17.083349 72.316315
2.987478 -31.224829 68.424141
12.200982 -39.739784 74.846848
12.403371 -28.086107 69.547791
14.083282 -33.079182 70.022835
57.482082 -6.445052 21.49052
60.961533 -12.529073 29.270878
51.859543 -10.761078 34.677948
50.512535 -6.746383 36.121376
40.160343 -16.80888 36.977871
37.936413 -7.585391 8.833549
34.899078 -20.781971 12.097224
42.305363 -11.675593 19.342314
41.313225 -32.458706 18.526558
56.156715 -1.569303 9.213732
56.372181 -13.19327 15.326189
49.921581 -22.00066 18.8741
60.919956 -2.277515 12.854776
39.955231 -21.015522 0.863246
53.376911 0.071103 -2.155103
55.3834 -16.338493 6.072669
60.239597 -27.106731 12.15852
45.882275 -47.547894 -14.364178
47.658028 -59.652813 -8.105924
45.866695 -65.505836 10.921413
46.813858 -60.315304 18.990389
35.539413 -76.347725 25.20879
29.028751 -68.008141 33.517971
24.786695 -74.513687 44.616657
23.093313 -64.8927 51.576729
31.28504 -56.641815 47.873066
12.934424 -68.958977 54.77824
33.920418 -48.071884 54.329182
26.553749 -55.437958 57.236866
16.582712 -60.879478 61.816986
54.141888 -57.278931 1.207628
58.042187 -18.031912 33.877625
54.051842 -26.441294 43.81741
45.871918 -26.412621 41.499866
41.238274 -33.443996 43.442379
37.214108 -40.411392 44.530567
37.690948 -32.866558 49.082726
35.96067 -40.732681 53.351852
10.273117 -56.482624 60.755505
25.420189 -50.005974 63.816795
9.68802 -46.829056 64.306343
18.254528 -47.058693 67.843529
38.661686 -4.151959 49.495937
27.85008 -2.534285 52.194916
28.36622 -12.007851 59.991428
22.69175 -2.687132 61.607311
57.021976 6.620784 31.993122
61.309147 -34.541691 23.997492
50.853611 -30.781927 26.789511
59.575981 -21.977711 24.792917
60.174271 -29.961416 36.417461
51.238632 2.132078 44.120605
49.763123 3.311224 3.989387
52.527546 12.193822 11.218051
57.456646 8.489112 17.827759
39.023685 2.577619 -14.052041
40.294167 8.726823 -1.761601
38.201942 -8.724125 -6.781188
35.104614 3.944411 12.622155
9.446433 -26.226618 41.039055
10.750221 -36.906002 44.450645
13.622265 -24.612471 43.186909
11.535727 -43.994865 51.900246
10.846134 -32.429752 49.466846
3.125155 -15.875453 38.153725
6.919433 5.129038 40.521362
7.110447 11.024316 50.681831
5.896746 -2.462632 63.75354
58.229836 -42.350479 27.546776
54.591209 -45.930031 36.534977
56.477791 -38.279873 42.212051
13.981207 5.355492 67.264046
26.120302 52.927551 18.906704
36.070896 43.013096 23.580673
22.469221 51.440269 28.014975
29.739197 41.11314 29.792616
44.81662 40.22958 3.524956
30.566917 21.784428 -6.804451
32.453346 27.01577 5.404812
41.517685 18.173611 6.137795
53.328243 21.411747 12.185274
10.449668 34.289814 24.736761
9.839375 21.860929 33.919067
5.688027 12.547705 60.374443
3.116534 15.1453 27.687695
20.653435 15.037899 -21.973152
12.919373 20.852959 -19.553202
22.303061 32.771271 -14.886853
10.773808 45.48695 -22.535789
3.801089 23.529848 -24.106947
4.167694 26.789673 -12.279928
7.68483 63.53249 -13.212887
44.953796 -3.532568 -43.136826
22.672834 8.201649 -38.755093
28.183662 -5.337574 -34.88348
42.652382 -14.466942 -27.137529
40.885387 14.880227 -35.816788
52.720551 -22.587072 -29.09832
32.255772 13.500024 -30.62606
44.880302 -32.07391 -22.155392
45.180401 8.731507 -17.910978
33.968643 -67.080254 39.207081
47.215065 -37.353317 45.426773
41.208717 -46.53426 43.247185
33.838703 -48.187836 45.557144
25.211102 7.263208 53.139343
47.043484 31.469427 14.781294
40.284885 44.313046 12.600484
46.51189 17.522566 23.70154
44.937149 30.200314 25.284811
46.904285 7.120638 25.823822
39.738899 13.311274 31.956882
44.229576 3.456192 36.585701
3.75306 -3.135973 31.526245
58.399918 -37.939457 -20.4991
63.049416 -28.621622 -14.444299
59.775581 -47.278606 -6.324475
52.218525 -54.587379 34.01614
46.336655 -61.836063 41.440525
49.488945 -46.630169 45.193783
48.341797 -54.04586 45.174564
38.511169 -56.914677 44.557755
38.888546 30.028988 35.125835
41.663944 18.588438 40.640186
31.781744 27.794731 42.832821
40.784565 6.43126 46.566422
36.041222 13.43832 53.547012
22.336174 12.949084 60.24614
27.022732 52.873573 -13.127998
36.236237 39.7789 -10.483279
20.107134 60.601173 -4.620333
40.975311 51.431461 -4.619966
27.536732 53.887188 5.214315
5.85076 32.030521 42.855808
5.506352 23.708261 52.086449
16.399769 -63.626133 29.86721
13.460472 -70.278374 40.048794
7.968904 -48.749153 44.926094
6.090671 -61.399147 47.195049
7.900022 -68.195541 50.491226
6.779218 -53.003342 54.803196
6.323457 -40.721199 24.651922
5.001796 -26.711452 28.327236
4.091939 -14.12024 30.310373
59.299156 -10.804474 -13.424005
51.464382 -53.790585 22.094013
48.879642 -62.139381 29.184114
41.815559 -70.0867 38.844673
23.776325 38.65601 36.584671
24.635269 21.019489 46.304363
20.550125 31.54685 49.586761
5.589296 -47.16811 12.747524
6.662562 -50.715012 24.790726
4.863767 -64.042694 26.366888
4.220881 -31.43733 35.585163
10.36242 -42.350872 36.312668
8.417777 -55.296928 36.563709
5.383777 -67.217476 38.277729
6.411176 45.806286 -13.671021
6.430793 39.17054 -4.630375
8.479033 54.779999 -1.019994
12.189839 66.994621 6.757853
8.026621 43.561344 8.167227
7.518947 54.166428 14.269076
4.211723 29.35722 18.458609
61.968689 -29.711325 -4.352576
59.729225 -39.715939 2.167411
55.064892 4.849816 -29.846565
58.34528 -13.055832 -23.485277
16.066927 59.868176 21.467302
5.897055 48.214287 32.959476
14.149566 48.115425 39.060978
9.495489 36.450787 53.01791
12.225532 18.965286 60.92786
34.559082 24.060068 -17.997417
48.94698 34.118092 -10.136933
52.330177 29.700483 3.36864
45.294754 -72.631226 26.792526
12.059001 -46.540024 2.78058
14.040988 -54.237572 15.288728
34.264275 -27.799477 -24.471743
22.091427 -20.065191 -26.885408
31.959814 -35.91827 -12.56867
50.969494 10.777175 -20.377661
52.422356 -6.206191 -12.419981
47.933376 -23.670603 -6.094787
60.689606 -15.175468 -2.589501
48.540218 -35.333179 3.303046
60.53281 -27.582752 2.82622
57.093281 -47.415363 7.391661
50.998875 -55.046013 10.835421
51.513676 -42.061562 14.212196
52.600281 -48.882881 15.017731
60.20591 -38.06097 14.285173
53.367092 -47.036522 24.535801
