x y z
-33.522087 -41.020683 -21.20993
-30.245659 -34.020477 -15.423951
-33.441692 -64.017265 -15.361618
-27.855371 -54.814587 -6.931384
-21.580355 -73.856644 -7.458366
-20.44923 -85.429298 -12.295816
-14.006661 -38.802727 -9.508218
-36.988976 -87.561035 -7.745879
-14.963142 -61.26535 -3.989393
-7.250531 -76.743767 -2.139911
-22.107187 -98.335602 -8.669897
-16.264338 -50.654694 -2.381643
-44.262287 -76.673965 4.194829
-10.724013 -91.169838 -2.603907
-24.674469 -92.894272 5.988803
-12.683978 -79.911163 6.935898
-23.124891 -64.885544 6.124514
-36.856197 -82.417107 12.823672
-14.441785 -96.632416 17.184307
-5.083829 -86.901566 21.214279
-12.934574 -74.247292 20.96567
-26.463608 -81.191261 19.074141
-11.840647 -85.585953 36.654606
-21.728928 -75.497215 39.358326
-47.295731 -14.104347 2.078428
-52.017998 -26.563501 7.706543
-35.12151 -12.084951 16.475737
-32.397415 -24.642733 14.610393
-49.052483 -16.236958 15.321756
-53.279739 -38.871204 17.692162
-43.606247 -31.562786 19.478876
-61.254967 -5.95887 12.388539
-56.958721 -21.111742 20.898403
-53.877918 -10.294156 25.423182
-55.587936 -22.014107 33.943558
-47.357555 -11.222791 40.263309
-47.26659 -18.642797 41.834175
-9.39789 -10.300878 45.220337
-39.028675 -14.06277 47.98613
-44.982002 -30.855747 52.377682
-42.668343 -22.866938 52.333195
-5.733067 -21.788771 49.275291
-35.547504 -21.920855 62.01231
-4.855177 -6.911551 60.008171
-30.059721 -45.195709 60.415745
-31.24556 -31.439711 59.103039
-25.73587 -36.942619 63.55582
-23.512901 -13.020536 62.349632
-9.206668 -41.621742 64.292206
-4.417854 -25.11721 66.375496
-17.931585 -44.560982 67.327682
-17.920017 -31.778238 65.587692
-16.564758 -26.130348 65.092224
-45.813084 -49.501476 -15.119869
-42.24575 -69.851486 -7.737395
-51.243412 -63.604317 1.453286
-43.658504 -67.621346 13.710973
-26.314127 -67.430679 36.883327
-53.153862 -31.505981 41.63562
-29.123789 -57.246284 47.398956
-39.078239 -35.926926 44.309395
-32.540657 -48.402679 47.228371
-17.119667 -67.015305 54.167194
-26.341999 -56.894917 56.693573
-15.206707 -55.535255 62.875744
-27.816069 6.619641 55.589966
-31.749376 -5.722165 48.442474
-20.829796 4.873338 60.660515
-47.071133 0.166904 36.394848
-55.799179 -43.54483 27.260191
-56.999413 -31.59914 24.239368
-58.862881 -37.213444 36.338627
-50.618599 -54.170788 9.932737
-37.316998 -5.64126 -5.118092
-29.46727 25.922258 -0.795922
-30.080883 19.406404 10.479074
-35.07637 1.117733 13.894769
-45.044937 13.049331 1.285215
-52.269814 -1.28068 5.492869
-48.000534 6.443893 19.235573
-27.550749 43.107674 25.637596
-8.781851 7.669485 40.623993
-15.41182 -34.932251 41.6278
-6.536027 -49.664597 57.733635
-14.002275 -5.835125 69.630775
-21.742498 22.203348 -18.989927
-10.455117 22.749437 -18.669233
-9.450784 48.899288 -23.634617
-29.672745 -4.702129 -37.04781
-52.687355 -19.210814 -31.917397
-41.548801 -19.304089 -23.756639
-25.827436 10.600614 -32.733517
-44.702171 10.805334 -33.009617
-19.478889 -20.809431 -25.042505
-44.545979 3.656806 -16.874529
-51.818741 -49.690384 41.499912
-33.883015 -61.761456 43.705193
-40.486256 -51.844078 45.087296
-46.245033 -42.389847 45.429813
-56.759502 -53.015011 -8.658044
-31.430109 41.214024 -11.754912
-41.041122 48.273186 -4.91212
-27.66721 52.234112 8.952477
-39.547695 40.15694 12.829642
-41.746201 23.408194 22.349026
-36.792881 32.485649 31.930031
-40.100487 12.88558 34.287998
-10.112134 -73.654427 44.886539
-7.232731 -61.914482 53.915405
-4.111193 -27.713915 28.015886
-2.01818 0.389994 31.886253
-5.254537 24.277899 47.365036
-60.74081 -10.191685 -19.338043
-57.557484 -37.693329 -16.765175
-55.857685 5.394737 -8.856876
-55.642815 -12.919443 -5.634107
-50.548363 -25.453489 -6.989215
-59.27066 -37.737148 -2.510273
-58.468571 -30.945127 3.097306
-54.983807 -43.661667 9.350864
-45.792477 -61.399063 23.20442
-37.248268 -79.835762 32.864384
-54.802307 -52.738239 27.562078
-44.417274 -65.385071 39.37854
-31.064501 21.441517 -12.559797
-7.174106 37.17979 -10.487948
-47.065098 32.179245 -9.683607
-19.333826 59.616577 -5.946823
-6.727327 59.155476 1.643219
-48.758316 27.987564 1.456501
-7.080791 44.7598 11.104209
-51.615749 22.493046 10.930997
-18.151072 59.197994 19.436563
-8.614078 26.948141 26.923901
-5.076586 47.512379 32.693405
-14.367125 43.157696 42.234642
-24.917242 31.668703 37.648422
-38.312584 17.372959 46.094688
-40.327969 3.510635 47.32465
-22.386002 18.1409 47.380852
-11.821606 21.410572 59.279392
-4.514016 6.246868 65.926285
-9.366956 -51.740955 5.384304
-4.470047 -51.176849 16.24925
-12.473749 -58.751583 17.777334
-7.035356 -56.709332 28.583538
-11.328594 -67.266327 30.604441
-4.251315 -35.060055 35.353378
-1.961201 -16.645609 38.117424
-6.212032 -56.049332 43.78801
36.578056 -44.969948 -20.099958
28.75256 -29.284445 -19.041162
27.893801 -54.509193 -6.65254
26.968817 -76.597572 -8.843635
16.13768 -34.950253 -11.060645
44.183487 -78.08374 -7.159396
9.591049 -72.626122 -0.562297
12.756442 -57.323013 -2.648696
4.932072 -86.323502 -8.861725
27.043974 -94.969391 -8.524907
20.591213 -45.427429 -2.151573
45.284286 -66.530724 7.717509
15.434484 -92.140121 3.738481
33.278214 -85.834274 3.476619
15.739271 -76.873535 8.994791
24.597887 -61.70702 6.16303
19.042845 -96.028419 13.042678
41.446651 -77.769455 13.268344
10.968811 -87.278549 23.05579
13.321805 -74.190918 26.295815
26.895397 -81.402046 22.868483
35.057796 -75.090401 24.770372
21.755262 -81.107346 42.038502
52.04953 -11.220455 5.03144
61.522564 -22.93396 0.945537
35.100174 -20.445425 10.968425
37.885098 -8.429482 16.715733
59.378738 -27.970808 12.962466
57.069931 -39.458176 14.359453
40.848309 -31.43091 20.159227
57.474003 -0.58413 11.240343
55.994991 -14.795725 16.694643
57.464241 -6.955521 22.667198
56.398476 -15.643573 36.462971
45.545921 -8.116885 31.123123
49.321339 -13.606296 48.655006
43.026657 -10.956948 45.258808
47.39555 -26.053984 51.909145
7.572683 -9.656604 50.470734
38.351421 -25.708906 53.114136
33.3759 -41.407196 58.659271
33.98941 -34.015392 59.294006
36.32444 -21.478722 60.775261
11.218374 -40.345261 63.025326
5.705516 -24.308275 63.936165
23.506533 -29.609463 62.532085
22.817785 -35.383541 65.307068
20.222742 -24.992779 63.555328
15.521094 -14.005013 68.952515
12.200982 -39.739784 74.846848
9.63717 -32.631371 67.800697
46.660461 -54.428165 -11.467358
56.201603 -55.225075 0.148278
48.463707 -56.759048 12.809569
33.65749 -66.01133 40.099426
47.933674 -36.670082 45.760323
52.221214 -26.214546 42.608681
26.104351 -66.603493 41.614204
37.025963 -42.77969 42.854992
38.946148 -32.671036 44.691498
17.118698 -68.352623 54.042423
31.92738 -49.633251 49.541855
25.499487 -56.728161 58.075855
8.269809 -55.380363 59.469555
19.41917 -48.80629 66.166046
35.065742 -4.740457 48.840862
23.713259 6.476185 56.991673
23.341293 -9.913607 60.812492
51.179924 7.277532 25.386492
54.22068 -47.326225 11.101133
61.826561 -37.223801 24.789101
52.540047 -30.956694 27.895683
60.295891 -21.18519 26.283361
60.579327 -30.138113 39.175823
48.925926 2.344159 39.025131
38.883163 3.342772 -12.783812
37.925209 -9.714503 -5.581309
32.876556 25.063381 8.229265
35.371243 4.600895 8.793532
51.058926 4.006956 3.127839
52.173668 13.491367 14.784299
7.668365 6.175823 40.313435
6.616827 -14.071768 41.229397
11.74634 -32.954361 41.991177
11.36213 -33.629211 50.236015
5.568295 -0.586525 62.272812
15.10471 5.059785 66.887711
12.459042 24.136803 -22.356894
26.849476 22.754293 -21.134949
3.445235 24.067074 -22.713129
10.20595 49.268051 -22.922335
41.782001 -1.509507 -43.970367
26.878183 15.185359 -35.31979
24.732347 -10.39896 -34.395592
53.675697 -21.078236 -30.227022
43.126865 -19.340549 -24.058123
46.633556 7.83476 -15.416389
55.728664 -42.081913 38.103004
47.238514 -47.921165 45.598339
38.789833 -56.080616 44.659168
59.860489 -37.386765 -14.097672
30.566917 21.784428 -6.804451
30.886868 43.540176 -12.805223
20.490438 59.735477 -6.55177
40.975311 51.431461 -4.619966
27.716555 53.549107 6.686443
41.273903 42.03738 11.059932
44.020111 30.431042 19.730944
33.549065 42.832485 24.443657
25.421518 49.13802 25.546211
40.191528 15.678203 28.921337
37.076569 30.710155 35.990498
41.615448 15.068964 43.752079
31.404011 14.397256 52.306152
14.300598 -67.284958 35.606621
6.820723 -65.247437 49.873203
6.360968 -27.199318 28.142513
3.329777 -4.423426 31.830589
9.938755 27.815653 28.994438
6.101648 17.284462 52.251694
53.733383 -47.075859 25.428801
51.095951 -55.754093 25.164513
45.71656 -71.570755 27.398085
44.701492 -65.902534 38.770653
51.203186 -55.529408 39.739906
49.103397 9.551629 -28.730198
63.891594 -11.843719 -17.934479
53.000065 -4.830855 -12.556301
48.296177 -22.987106 -7.194806
61.56604 -33.272781 -2.593527
48.540218 -35.333179 3.303046
44.125145 29.833973 -13.964577
51.532467 33.305302 -2.993673
53.655163 26.308886 10.656615
5.984739 37.88966 -11.039564
6.351414 65.803192 -4.427718
8.026621 43.561344 8.167227
15.874015 62.077457 17.427542
6.689953 53.159477 19.909361
4.49846 20.89254 22.472702
15.843946 45.396797 40.812889
5.659822 36.987167 42.603062
24.262747 26.368719 42.915092
14.344095 23.077682 58.117329
10.322466 -52.333378 7.626462
18.237202 -56.869373 21.423264
6.040581 -54.722401 24.332798
5.628671 -35.20113 35.830479
6.302241 -58.436234 38.086418
7.540659 -48.870689 45.906788
