0 0 0 0 0 0 7.07123836937772 0 0 0 0 0 0 7.73783283099251 0 0 0 0 0 0 0 0 5.98878238188804 0 0 0 0 0 7.35299911651029 7.48493792247563 0 0 0 0 0 0 0 0 0 0 0 0 0 0 0 0 0 0 0 0 0 0 0 0 0 0 0 0 0 0 0 0 0 0 0 0 0 0
0 0 0 0 0 0 0 0 5.28131998454291 0 0 0 4.85354378633385 0 0 0 0 0 0 0 0 6.93206288300463 0 6.28818726217109 6.79353858046046 0 7.54606368219555 0 0 0 0 0 0 0 0 7.58312115534218 0 0 0 0 0 0 0 0 0 0 0 0 0 0 0 0 0 0 0 0 0 0 0 0 4.7237692151618 0 0 0 0 0 0 0
0 0 0 0 0 0 0 0 0 0 0 0 0 0 0 0 9.18861144156931 0 0 0 0 0 9.79440735342697 0 0 8.77122403272442 8.90036075298009 0 0 0 0 0 0 0 0 0 0 0 0 0 0 0 0 0 0 0 0 0 0 0 0 0 0 0 0 0 0 0 0 0 0 0 0 0 0 0 0 0
0 0 0 0 0 0 0 0 6.21546487414217 6.22892015654967 0 6.56947664991127 0 0 0 0 0 0 0 8.68282638221063 0 0 0 7.55510780435245 0 0 0 7.37377137674417 0 0 0 0 0 0 0 0 0 5.66235797440278 0 0 0 0 5.29977888304632 4.65220954725917 0 4.33733520207341 0 0 0 0 0 0 0 4.34048690815583 0 0 0 4.87311799615369 0 0 0 6.65327110934269 0 0 0 0 0 0
0 0 0 0 0 6.14813391825677 0 0 4.20408323485047 0 0 0 0 0 6.82023913640086 0 0 0 0 0 0 0 0 0 0 0 0 0 0 0 0 5.64340158730644 0 5.68979623268146 0 0 0 0 0 0 0 0 0 0 0 0 0 0 0 0 0 0 0 0 0 0 0 0 0 0 0 0 0 0 0 0 0 0
0 0 0 0 6.14813391825677 0 5.82686261733774 8.05506270516895 0 8.06319360073503 0 7.37450105616567 0 4.97532529148352 6.95498283645805 0 0 0 0 0 0 0 0 0 0 0 0 0 0 0 0 5.22492342512797 0 0 0 0 0 0 0 0 0 0 0 0 0 0 0 0 0 0 0 0 0 0 0 0 0 0 0 0 0 0 0 0 0 0 0 0
7.07123836937772 0 0 0 0 5.82686261733774 0 8.08628572544323 0 8.48097227369392 0 0 0 9.03885297437818 5.39217318067896 0 0 0 0 0 7.31265787063094 0 7.14307474224624 0 0 0 0 9.8186145184586 7.14850617256581 7.78553427081197 0 0 0 5.99607126680095 0 0 0 0 0 0 0 0 0 0 0 0 0 0 0 0 0 0 0 0 0 0 0 0 0 0 0 0 0 0 0 0 0 0
0 0 0 0 0 8.05506270516895 8.08628572544323 0 0 7.47759462391901 0 5.69841663030515 0 8.06168213096663 0 0 0 0 0 0 0 0 7.43094899949706 0 0 0 0 0 0 6.76731964033684 0 5.12665310422807 0 4.7752573428429 0 0 0 0 0 0 0 0 0 0 0 0 0 0 0 0 0 0 0 0 0 0 0 0 0 0 0 0 0 0 0 0 0 0
0 5.28131998454291 0 6.21546487414217 4.20408323485047 0 0 0 0 0 0 6.42698367858404 0 0 6.51906199945203 0 0 0 0 5.59903905250762 0 7.62051832803671 0 8.48302137099042 0 0 5.62019133967661 6.66162853753585 0 0 0 0 0 0 0 0 0 4.84037674025941 0 0 0 0 7.82090775835579 0 0 5.10856006976764 0 0 0 0 0 0 0 4.20520015632517 0 5.85461375437826 0 6.59022629022558 0 0 0 6.4636501054387 0 0 0 0 0 0
0 0 0 6.22892015654967 0 8.06319360073503 8.48097227369392 7.47759462391901 0 0 5.03847542854299 6.67735330608799 0 6.29065539392562 0 0 0 5.41398175734413 4.9926052445154 7.34174173173655 0 0 0 0 0 0 0 7.33612832086978 5.63624626766571 0 0 0 0 5.02105698955867 0 0 0 0 0 0 0 0 0 6.79595685080566 0 0 0 0 0 0 0 0 0 4.56551672615225 0 0 0 0 0 0 0 6.77301810624692 0 0 0 0 0 0
0 0 0 0 0 0 0 0 0 5.03847542854299 0 5.95742223957311 7.31469548906842 0 0 0 0 7.37958971427245 6.08559128109086 0 0 0 0 0 0 6.73709202986791 0 0 7.29441195929153 0 0 5.80008165194502 0 8.47049013343893 0 0 0 0 0 0 0 0 0 0 0 0 5.02997095897442 0 0 0 0 0 0 0 0 0 0 0 0 0 0 0 0 0 0 0 0 0
0 0 0 6.56947664991127 0 7.37450105616567 0 5.69841663030515 6.42698367858404 6.67735330608799 5.95742223957311 0 0 5.87946830703476 7.20909619429788 0 0 6.12336514642594 5.47082619639966 8.02501350827952 0 0 0 5.69777808980455 0 5.55691998613771 0 5.85722347609352 5.70927755310145 0 0 0 0 4.7932855836204 0 0 0 4.35631628497699 0 0 0 0 4.68244611833191 0 0 6.04638264151395 0 0 0 0 0 0 0 4.44756115198948 0 0 0 4.05261276242011 0 0 0 4.7249466982017 0 0 0 0 0 0
0 4.85354378633385 0 0 0 0 0 0 0 0 7.31469548906842 0 0 0 0 0 0 0 0 0 0 0 0 0 7.05262688949025 0 6.1372494272213 0 5.13739779764708 0 4.9811574409592 4.67562230970874 0 6.45520391137699 0 0 0 0 0 0 0 0 0 0 5.75413712003379 0 7.57540497380848 0 0 0 0 0 0 0 0 0 0 0 5.62184170830502 0 6.17565510453095 0 0 0 6.07539294530605 0 0 0
7.73783283099251 0 0 0 0 4.97532529148352 9.03885297437818 8.06168213096663 0 6.29065539392562 0 5.87946830703476 0 0 0 0 6.37487415196353 0 0 0 0 0 8.08682881671317 0 0 0 0 0 7.6833958510035 8.67984350684033 0 4.73174289925661 0 4.95604261355683 0 0 0 0 0 0 0 0 0 0 0 0 0 0 0 0 0 0 0 0 0 0 0 0 0 0 0 0 0 0 0 0 0 0
0 0 0 0 6.82023913640086 6.95498283645805 5.39217318067896 0 6.51906199945203 0 0 7.20909619429788 0 0 0 0 0 0 0 0 4.79921414933363 0 0 6.46489024805503 0 0 0 6.3037894549033 0 0 0 0 0 0 0 0 0 0 0 0 0 0 0 0 0 0 0 0 4.18277688685924 0 0 0 0 0 0 0 0 0 0 0 0 0 0 0 0 0 0 0
0 0 0 0 0 0 0 0 0 0 0 0 0 0 0 0 0 0 0 0 7.19336888710521 6.83727442052499 7.06074201638502 6.50074305634189 0 0 7.04533204944929 4.41617333770341 0 0 0 0 0 0 0 0 0 0 0 0 0 0 0 0 0 0 0 0 0 8.27247590450274 0 0 0 0 5.96975091132421 5.87331473501367 7.69536039007612 5.9786274003473 0 0 7.22306740758022 5.24190897149372 0 0 0 0 0 0
0 0 9.18861144156931 0 0 0 0 0 0 0 0 0 0 6.37487415196353 0 0 0 0 7.12550471635002 0 0 0 8.50746644781048 0 0 7.51349954023258 8.30095347478617 0 5.62176786942143 0 0 0 0 7.45848427137916 0 0 0 0 0 0 0 0 0 0 0 0 0 0 0 0 0 0 0 0 0 0 0 0 0 0 0 0 0 0 0 0 0 0
0 0 0 0 0 0 0 0 0 5.41398175734413 7.37958971427245 6.12336514642594 0 0 0 0 0 0 6.39711671254976 0 0 0 0 0 0 6.93059450762079 0 0 6.00820292723428 0 0 0 0 6.2258642376148 0 0 0 0 0 0 0 0 0 0 0 0 0 0 0 0 0 0 0 0 0 0 0 0 0 0 0 0 0 0 0 0 0 0
0 0 0 0 0 0 0 0 0 4.9926052445154 6.08559128109086 5.47082619639966 0 0 0 0 7.12550471635002 6.39711671254976 0 0 0 0 0 0 0 7.57495302006061 6.18424706972113 0 0 0 0 0 0 8.30454033816553 0 0 0 0 0 0 0 0 0 0 0 0 0 0 0 0 0 0 0 0 0 0 0 0 0 0 0 0 0 0 0 0 0 0
0 0 0 8.68282638221063 0 0 0 0 5.59903905250762 7.34174173173655 0 8.02501350827952 0 0 0 0 0 0 0 0 0 0 0 6.4366735177405 0 0 0 6.90971594066223 0 0 0 0 0 0 0 0 0 5.22983456903287 0 0 0 0 4.54805979020294 5.92782358222992 0 5.12272819832361 0 0 0 0 0 0 0 5.12033332788202 0 0 0 4.122956259121 0 0 0 5.9700463297344 0 0 0 0 0 0
0 0 0 0 0 0 7.31265787063094 0 0 0 0 0 0 0 4.79921414933363 7.19336888710521 0 0 0 0 0 0 9.53881276497722 4.50384535574424 0 0 0 8.07728134433967 0 8.9322453035665 0 0 0 6.81632226711645 0 0 0 0 0 0 0 0 0 0 0 0 0 0 0 6.39081690606643 0 0 0 0 7.12580834471124 0 5.87224233858385 5.78999137555299 0 0 0 6.57623267744398 0 0 0 0 0 0
0 6.93206288300463 0 0 0 0 0 0 7.62051832803671 0 0 0 0 0 0 6.83727442052499 0 0 0 0 0 0 0 8.054960109443 5.30357562647973 0 7.05674983166002 0 0 0 0 0 0 0 0 5.32390554614189 0 0 0 0 0 0 4.42223619679774 0 0 0 0 0 0 4.92223767533204 0 0 0 0 0 7.88720603127778 0 5.09473048057783 0 0 4.76643833358421 0 0 0 0 0 0 0
5.98878238188804 0 9.79440735342697 0 0 0 7.14307474224624 7.43094899949706 0 0 0 0 0 8.08682881671317 0 7.06074201638502 8.50746644781048 0 0 0 9.53881276497722 0 0 0 0 0 8.06133556462549 0 6.93831417537529 8.44896751826873 0 0 0 7.31814475042306 0 0 0 0 0 0 0 0 0 0 0 0 0 0 0 7.61747525335447 0 0 0 0 0 4.91814200480595 8.50660880244784 0 0 0 7.2657270007885 0 0 0 0 0 0 0
0 6.28818726217109 0 7.55510780435245 0 0 0 0 8.48302137099042 0 0 5.69777808980455 0 0 6.46489024805503 6.50074305634189 0 0 0 6.4366735177405 4.50384535574424 8.054960109443 0 0 0 0 7.34541314779232 8.20361403979876 0 0 0 0 0 0 0 0 0 4.84126353910825 0 0 0 0 6.17673667864468 4.57393923819076 0 4.1928962359506 0 0 0 6.45590960129834 0 0 0 0 5.64727211009068 5.98406478731188 0 9.2396927596788 0 0 0 8.52394787808911 0 0 0 0 0 0
0 6.79353858046046 0 0 0 0 0 0 0 0 0 0 7.05262688949025 0 0 0 0 0 0 0 0 5.30357562647973 0 0 0 0 7.29198285325694 0 0 0 0 0 0 0 0 4.50951300721108 0 0 0 0 0 0 0 0 0 0 4.84520429884922 0 0 0 0 0 0 0 0 0 0 0 6.77418112548225 0 0 0 0 0 0 0 0 0
0 0 8.77122403272442 0 0 0 0 0 0 0 6.73709202986791 5.55691998613771 0 0 0 0 7.51349954023258 6.93059450762079 7.57495302006061 0 0 0 0 0 0 0 8.74257478067186 0 0 0 4.405307931601 0 0 4.97023837928485 0 0 0 0 0 0 0 0 0 0 0 0 0 0 0 0 0 0 0 0 0 0 0 0 0 6.18855043893283 6.71407145624812 0 0 0 5.38798394552562 0 0 0
0 7.54606368219555 8.90036075298009 0 0 0 0 0 5.62019133967661 0 0 0 6.1372494272213 0 0 7.04533204944929 8.30095347478617 0 6.18424706972113 0 0 7.05674983166002 8.06133556462549 7.34541314779232 7.29198285325694 8.74257478067186 0 0 0 0 0 0 0 5.79938121311207 0 5.20863080032827 0 0 0 0 0 0 0 0 0 0 5.97624730919424 0 0 7.05979294078635 0 0 0 0 0 5.15878158907186 7.18007505534123 0 0 6.45215624712104 10.87020475083 0 0 0 5.92846678849935 0 0 0
0 0 0 7.37377137674417 0 0 9.8186145184586 0 6.66162853753585 7.33612832086978 0 5.85722347609352 0 0 6.3037894549033 4.41617333770341 0 0 0 6.90971594066223 8.07728134433967 0 0 8.20361403979876 0 0 0 0 6.08354595789091 8.56053217891566 0 0 0 5.68487468496864 0 0 0 6.07684619545047 0 0 0 0 5.67734769912236 6.12523400663043 0 0 0 0 0 5.27486420660722 0 0 0 4.93701560320224 6.31538875476142 0 0 8.16789042299954 0 0 0 9.22988619692705 0 0 0 0 0 0
7.35299911651029 0 0 0 0 0 7.14850617256581 0 0 5.63624626766571 7.29441195929153 5.70927755310145 5.13739779764708 7.6833958510035 0 0 5.62176786942143 6.00820292723428 0 0 0 0 6.93831417537529 0 0 0 0 6.08354595789091 0 8.26837331678606 0 5.11611825123741 6.85985043708498 7.71795355695105 0 0 0 0 0 0 0 0 0 0 0 0 0 0 0 0 0 0 0 0 0 0 0 0 0 0 0 0 0 0 0 0 0 0
7.48493792247563 0 0 0 0 0 7.78553427081197 6.76731964033684 0 0 0 0 0 8.67984350684033 0 0 0 0 0 0 8.9322453035665 0 8.44896751826873 0 0 0 0 8.56053217891566 8.26837331678606 0 0 0 5.91091646799164 6.92400016444531 0 0 0 0 0 0 0 0 0 0 0 0 0 0 0 0 0 0 0 0 0 0 0 0 0 0 0 0 0 0 0 0 0 0
0 0 0 0 0 0 0 0 0 0 0 0 4.9811574409592 0 0 0 0 0 0 0 0 0 0 0 0 4.405307931601 0 0 0 0 0 0 0 0 0 0 0 0 0 0 0 0 0 0 0 0 6.12693602084322 0 0 0 0 0 0 0 0 0 0 0 0 0 6.05824067772509 0 0 0 6.00815275245881 0 0 0
0 0 0 0 5.64340158730644 5.22492342512797 0 5.12665310422807 0 0 5.80008165194502 0 4.67562230970874 4.73174289925661 0 0 0 0 0 0 0 0 0 0 0 0 0 0 5.11611825123741 0 0 0 0 7.83656057331403 0 0 0 0 0 0 0 0 0 0 0 0 0 0 0 0 0 0 0 0 0 0 0 0 0 0 0 0 0 0 0 0 0 0
0 0 0 0 0 0 0 0 0 0 0 0 0 0 0 0 0 0 0 0 0 0 0 0 0 0 0 0 6.85985043708498 5.91091646799164 0 0 0 6.15205943294274 0 0 0 0 0 0 0 0 0 0 0 0 0 0 0 0 0 0 0 0 0 0 0 0 0 0 0 0 0 0 0 0 0 0
0 0 0 0 5.68979623268146 0 5.99607126680095 4.7752573428429 0 5.02105698955867 8.47049013343893 4.7932855836204 6.45520391137699 4.95604261355683 0 0 7.45848427137916 6.2258642376148 8.30454033816553 0 6.81632226711645 0 7.31814475042306 0 0 4.97023837928485 5.79938121311207 5.68487468496864 7.71795355695105 6.92400016444531 0 7.83656057331403 6.15205943294274 0 0 0 0 0 0 0 0 0 0 0 0 0 0 0 0 0 0 0 0 0 0 0 0 0 0 0 0 0 0 0 0 0 0 0
0 0 0 0 0 0 0 0 0 0 0 0 0 0 0 0 0 0 0 0 0 0 0 0 0 0 0 0 0 0 0 0 0 0 0 0 0 0 0 0 6.8133960074654 0 0 0 0 0 0 7.79064538928882 0 0 0 0 0 0 0 0 0 0 0 0 0 0 7.3750383741941 7.01434361199222 0 0 0 0
0 7.58312115534218 0 0 0 0 0 0 0 0 0 0 0 0 0 0 0 0 0 0 0 5.32390554614189 0 0 4.50951300721108 0 5.20863080032827 0 0 0 0 0 0 0 0 0 0 0 0 0 0 0 5.59908941068013 0 0 0 0 0 0 0 0 0 0 0 0 6.91971073771157 0 6.63827836451843 6.46912902061408 0 7.62941388698049 0 0 0 0 0 0 0
0 0 0 0 0 0 0 0 0 0 0 0 0 0 0 0 0 0 0 0 0 0 0 0 0 0 0 0 0 0 0 0 0 0 0 0 0 0 0 0 0 0 0 0 0 0 0 0 0 0 8.77549689432711 0 0 0 0 0 9.65064017145759 0 0 8.86893120684879 8.86977118286606 0 0 0 0 0 0 0
0 0 0 5.66235797440278 0 0 0 0 4.84037674025941 0 0 4.35631628497699 0 0 0 0 0 0 0 5.22983456903287 0 0 0 4.84126353910825 0 0 0 6.07684619545047 0 0 0 0 0 0 0 0 0 0 0 0 0 0 5.71132763435834 6.2106888636193 0 7.00711722690799 0 0 0 0 0 0 0 8.4774137371622 0 0 0 6.85120292394844 0 0 0 7.14170553309346 0 0 0 0 0 0
0 0 0 0 0 0 0 0 0 0 0 0 0 0 0 0 0 0 0 0 0 0 0 0 0 0 0 0 0 0 0 0 0 0 0 0 0 0 0 6.00730776564805 0 0 4.35089218699287 0 0 0 0 0 6.75748594586285 0 0 0 0 0 0 0 0 5.31536510217225 0 0 0 0 0 0 0 5.48523435721305 0 6.06225738498464
0 0 0 0 0 0 0 0 0 0 0 0 0 0 0 0 0 0 0 0 0 0 0 0 0 0 0 0 0 0 0 0 0 0 0 0 0 0 6.00730776564805 0 0 7.94618417500851 0 8.45996106537582 0 6.95095811052872 0 0 7.21820925553711 0 0 0 0 0 0 0 0 0 0 0 0 5.91099941462474 0 0 0 4.74723648106245 0 0
0 0 0 0 0 0 0 0 0 0 0 0 0 0 0 0 0 0 0 0 0 0 0 0 0 0 0 0 0 0 0 0 0 0 6.8133960074654 0 0 0 0 0 0 8.34878983573354 0 8.32712661721565 0 0 0 9.14380039347609 5.08300868855748 0 0 0 0 0 7.96462867520534 0 8.93328283783905 0 0 0 0 9.5578496295287 7.50513299060718 8.71759576188229 0 0 0 7.05712193886049
0 0 0 0 0 0 0 0 0 0 0 0 0 0 0 0 0 0 0 0 0 0 0 0 0 0 0 0 0 0 0 0 0 0 0 0 0 0 0 7.94618417500851 8.34878983573354 0 0 8.06700499450675 0 5.95790600485963 0 8.15650046883057 4.83978510382962 0 0 0 0 0 0 0 0 0 0 0 0 5.63877823662374 0 0 0 5.52140649461262 0 5.66787327917355
0 0 0 5.29977888304632 0 0 0 0 7.82090775835579 0 0 4.68244611833191 0 0 0 0 0 0 0 4.54805979020294 0 4.42223619679774 0 6.17673667864468 0 0 0 5.67734769912236 0 0 0 0 0 0 0 5.59908941068013 0 5.71132763435834 4.35089218699287 0 0 0 0 0 0 6.09585520485053 0 0 6.25143846350957 0 0 0 0 4.95165048351675 0 7.33919529206424 0 8.02316113712201 0 0 0 6.39987316464358 0 0 0 0 0 0
0 0 0 4.65220954725917 0 0 0 0 0 6.79595685080566 0 0 0 0 0 0 0 0 0 5.92782358222992 0 0 0 4.57393923819076 0 0 0 6.12523400663043 0 0 0 0 0 0 0 0 0 6.2106888636193 0 8.45996106537582 8.32712661721565 8.06700499450675 0 0 5.11376884210542 6.7746785934583 0 6.49593840842023 0 0 0 6.04256011786787 4.95597076673422 6.88188961468999 0 0 0 0 0 5.64598760381866 0 7.93239755911708 5.33408169464958 0 0 0 0 5.47369879650424
0 0 0 0 0 0 0 0 0 0 0 0 5.75413712003379 0 0 0 0 0 0 0 0 0 0 0 0 0 0 0 0 0 0 0 0 0 0 0 0 0 0 0 0 0 0 5.11376884210542 0 5.32767801165032 6.31368359856043 5.8334871101321 0 0 0 7.5677835009272 5.71374403105872 0 0 0 0 0 0 6.62964179370853 0 0 7.70464942923653 0 4.83056969411845 6.80202432434989 0 8.63346094506979
0 0 0 4.33733520207341 0 0 0 0 5.10856006976764 0 0 6.04638264151395 0 0 0 0 0 0 0 5.12272819832361 0 0 0 4.1928962359506 0 0 0 0 0 0 0 0 0 0 0 0 0 7.00711722690799 0 6.95095811052872 0 5.95790600485963 6.09585520485053 6.7746785934583 5.32767801165032 0 0 5.94510891705401 7.01710070148465 0 0 6.09264798355778 0 7.96970946389854 0 0 0 6.49318249509136 0 5.8419163548054 0 6.68227055388388 5.26129695204974 0 0 0 0 5.0456390348126
0 0 0 0 0 0 0 0 0 0 5.02997095897442 0 7.57540497380848 0 0 0 0 0 0 0 0 0 0 0 4.84520429884922 0 5.97624730919424 0 0 0 6.12693602084322 0 0 0 0 0 0 0 0 0 0 0 0 0 6.31368359856043 0 0 0 0 0 0 0 0 0 0 0 0 0 6.62926439791471 0 6.64129761395674 0 5.07892950888103 0 5.3110421840096 4.75736560276411 0 5.54906284994171
0 0 0 0 0 0 0 0 0 0 0 0 0 0 0 0 0 0 0 0 0 0 0 0 0 0 0 0 0 0 0 0 0 0 7.79064538928882 0 0 0 0 0 9.14380039347609 8.15650046883057 0 6.49593840842023 5.8334871101321 5.94510891705401 0 0 0 0 0 0 0 0 0 0 7.18199278508919 0 0 5.09623032462527 0 0 7.55541398165998 8.39472650046868 0 4.97685102383747 0 6.49857409112091
0 0 0 0 0 0 0 0 0 0 0 0 0 0 4.18277688685924 0 0 0 0 0 0 0 0 0 0 0 0 0 0 0 0 0 0 0 0 0 0 0 6.75748594586285 7.21820925553711 5.08300868855748 4.83978510382962 6.25143846350957 0 0 7.01710070148465 0 0 0 0 0 0 0 0 5.35229328397248 0 0 6.37713757208206 0 0 0 7.07798589345264 0 0 0 0 0 0
0 0 0 0 0 0 0 0 0 0 0 0 0 0 0 8.27247590450274 0 0 0 0 6.39081690606643 4.92223767533204 7.61747525335447 6.45590960129834 0 0 7.05979294078635 5.27486420660722 0 0 0 0 0 0 0 0 0 0 0 0 0 0 0 0 0 0 0 0 0 0 0 0 0 0 6.8969212925142 6.9498434103882 6.9435622703898 6.93562518473562 0 0 6.78577210856537 4.73628795387677 0 0 0 0 0 0
0 0 0 0 0 0 0 0 0 0 0 0 0 0 0 0 0 0 0 0 0 0 0 0 0 0 0 0 0 0 0 0 0 0 0 0 8.77549689432711 0 0 0 0 0 0 0 0 0 0 0 0 0 0 0 7.05682016174257 0 0 0 8.81142570160482 0 0 7.4534377123054 8.15004473800212 0 0 6.12186604672358 0 0 0 7.18910099251426
0 0 0 0 0 0 0 0 0 0 0 0 0 0 0 0 0 0 0 0 0 0 0 0 0 0 0 0 0 0 0 0 0 0 0 0 0 0 0 0 0 0 0 6.04256011786787 7.5677835009272 6.09264798355778 0 0 0 0 0 0 6.55765729877911 5.30067852240256 0 0 0 0 0 7.37704649465763 0 0 5.7034195970327 0 0 0 0 7.6660052347237
0 0 0 0 0 0 0 0 0 0 0 0 0 0 0 0 0 0 0 0 0 0 0 0 0 0 0 0 0 0 0 0 0 0 0 0 0 0 0 0 0 0 0 4.95597076673422 5.71374403105872 0 0 0 0 0 7.05682016174257 6.55765729877911 0 0 0 0 0 0 0 8.1816471923712 6.76043833873344 0 0 0 0 0 0 8.46814656579195
0 0 0 4.34048690815583 0 0 0 0 4.20520015632517 4.56551672615225 0 4.44756115198948 0 0 0 0 0 0 0 5.12033332788202 0 0 0 0 0 0 0 4.93701560320224 0 0 0 0 0 0 0 0 0 8.4774137371622 0 0 0 0 4.95165048351675 6.88188961468999 0 7.96970946389854 0 0 0 0 0 5.30067852240256 0 0 0 0 0 6.30577240467705 0 4.71630988829771 0 7.13085801313681 0 0 0 0 0 0
0 0 0 0 0 0 0 0 0 0 0 0 0 0 0 5.96975091132421 0 0 0 0 7.12580834471124 0 0 5.64727211009068 0 0 0 6.31538875476142 0 0 0 0 0 0 0 0 0 0 0 0 7.96462867520534 0 0 0 0 0 0 0 5.35229328397248 6.8969212925142 0 0 0 0 0 0 9.43861305967707 3.85498463240222 0 0 0 8.42547912288 0 8.62763140595851 0 0 0 6.91104577771572
0 0 0 0 0 0 0 0 5.85461375437826 0 0 0 0 0 0 5.87331473501367 0 0 0 0 0 7.88720603127778 4.91814200480595 5.98406478731188 0 0 5.15878158907186 0 0 0 0 0 0 0 0 6.91971073771157 0 0 0 0 0 0 7.33919529206424 0 0 0 0 0 0 6.9498434103882 0 0 0 0 0 0 4.54383740532309 7.9801818908807 0 0 6.53359106485753 0 0 0 0 0 0 0
0 0 0 0 0 0 0 0 0 0 0 0 0 0 0 7.69536039007612 0 0 0 0 5.87224233858385 0 8.50660880244784 0 0 0 7.18007505534123 0 0 0 0 0 0 0 0 0 9.65064017145759 0 0 0 8.93328283783905 0 0 0 0 0 0 7.18199278508919 0 6.9435622703898 8.81142570160482 0 0 0 9.43861305967707 4.54383740532309 0 0 0 7.35817424187036 8.31743062467461 7.20535484683186 0 8.32768012329594 0 0 0 6.78476867720757
0 0 0 4.87311799615369 0 0 0 0 6.59022629022558 0 0 4.05261276242011 0 0 0 5.9786274003473 0 0 0 4.122956259121 5.78999137555299 5.09473048057783 0 9.2396927596788 0 0 0 8.16789042299954 0 0 0 0 0 0 0 6.63827836451843 0 6.85120292394844 5.31536510217225 0 0 0 8.02316113712201 0 0 6.49318249509136 0 0 6.37713757208206 6.93562518473562 0 0 0 6.30577240467705 3.85498463240222 7.9801818908807 0 0 0 0 6.89245169944909 7.81021060544996 0 0 0 0 0 0
0 0 0 0 0 0 0 0 0 0 0 0 5.62184170830502 0 0 0 0 0 0 0 0 0 0 0 6.77418112548225 0 0 0 0 0 0 0 0 0 0 6.46912902061408 0 0 0 0 0 0 0 0 0 0 6.62926439791471 0 0 0 0 0 0 0 0 0 0 0 0 0 7.27768014890797 0 0 0 0 0 0 0
0 0 0 0 0 0 0 0 0 0 0 0 0 0 0 0 0 0 0 0 0 0 0 0 0 6.18855043893283 6.45215624712104 0 0 0 0 0 0 0 0 0 8.86893120684879 0 0 0 0 0 0 5.64598760381866 6.62964179370853 5.8419163548054 0 5.09623032462527 0 0 7.4534377123054 7.37704649465763 8.1816471923712 4.71630988829771 0 0 7.35817424187036 0 0 0 8.84500166958369 0 5.84376129186586 0 4.75835830357556 0 0 5.50663039891913
0 4.7237692151618 0 0 0 0 0 0 0 0 0 0 6.17565510453095 0 0 7.22306740758022 0 0 0 0 0 4.76643833358421 7.2657270007885 0 0 6.71407145624812 10.87020475083 0 0 0 6.05824067772509 0 0 0 0 7.62941388698049 8.86977118286606 0 0 0 0 0 0 0 0 0 6.64129761395674 0 0 6.78577210856537 8.15004473800212 0 6.76043833873344 0 0 6.53359106485753 8.31743062467461 6.89245169944909 7.27768014890797 8.84500166958369 0 0 0 0 5.03034899297975 0 0 0
0 0 0 6.65327110934269 0 0 0 0 6.4636501054387 6.77301810624692 0 4.7249466982017 0 0 0 5.24190897149372 0 0 0 5.9700463297344 6.57623267744398 0 0 8.52394787808911 0 0 0 9.22988619692705 0 0 0 0 0 0 0 0 0 7.14170553309346 0 5.91099941462474 9.5578496295287 5.63877823662374 6.39987316464358 7.93239755911708 0 6.68227055388388 0 0 7.07798589345264 4.73628795387677 0 0 0 7.13085801313681 8.42547912288 0 7.20535484683186 7.81021060544996 0 0 0 0 7.04276177358478 8.30919792867228 0 0 0 7.08259997398687
0 0 0 0 0 0 0 0 0 0 0 0 0 0 0 0 0 0 0 0 0 0 0 0 0 0 0 0 0 0 0 0 0 0 7.3750383741941 0 0 0 0 0 7.50513299060718 0 0 5.33408169464958 7.70464942923653 5.26129695204974 5.07892950888103 7.55541398165998 0 0 0 5.7034195970327 0 0 0 0 0 0 0 5.84376129186586 0 7.04276177358478 0 7.5780636972368 0 4.86341819331629 7.03078228848535 8.17412688064407
0 0 0 0 0 0 0 0 0 0 0 0 0 0 0 0 0 0 0 0 0 0 0 0 0 0 0 0 0 0 0 0 0 0 7.01434361199222 0 0 0 0 0 8.71759576188229 0 0 0 0 0 0 8.39472650046868 0 0 6.12186604672358 0 0 0 8.62763140595851 0 8.32768012329594 0 0 0 0 8.30919792867228 7.5780636972368 0 0 0 5.59183695931256 7.57248723785684
0 0 0 0 0 0 0 0 0 0 0 0 6.07539294530605 0 0 0 0 0 0 0 0 0 0 0 0 5.38798394552562 5.92846678849935 0 0 0 6.00815275245881 0 0 0 0 0 0 0 0 0 0 0 0 0 4.83056969411845 0 5.3110421840096 0 0 0 0 0 0 0 0 0 0 0 0 4.75835830357556 5.03034899297975 0 0 0 0 0 0 0
0 0 0 0 0 0 0 0 0 0 0 0 0 0 0 0 0 0 0 0 0 0 0 0 0 0 0 0 0 0 0 0 0 0 0 0 0 0 5.48523435721305 4.74723648106245 0 5.52140649461262 0 0 6.80202432434989 0 4.75736560276411 4.97685102383747 0 0 0 0 0 0 0 0 0 0 0 0 0 0 4.86341819331629 0 0 0 0 8.24999112116553
0 0 0 0 0 0 0 0 0 0 0 0 0 0 0 0 0 0 0 0 0 0 0 0 0 0 0 0 0 0 0 0 0 0 0 0 0 0 0 0 0 0 0 0 0 0 0 0 0 0 0 0 0 0 0 0 0 0 0 0 0 0 7.03078228848535 5.59183695931256 0 0 0 5.82518706248269
0 0 0 0 0 0 0 0 0 0 0 0 0 0 0 0 0 0 0 0 0 0 0 0 0 0 0 0 0 0 0 0 0 0 0 0 0 0 6.06225738498464 0 7.05712193886049 5.66787327917355 0 5.47369879650424 8.63346094506979 5.0456390348126 5.54906284994171 6.49857409112091 0 0 7.18910099251426 7.6660052347237 8.46814656579195 0 6.91104577771572 0 6.78476867720757 0 0 5.50663039891913 0 7.08259997398687 8.17412688064407 7.57248723785684 0 8.24999112116553 5.82518706248269 0
