0 0 0 0 0.540887252539659 0 0 0 0 -0.542291262308638 0 0 0 0 0 0 0 0 0 0 0 0.578797677867257 0 0.0678771836756959 0 0 0 0 0 0 0.422649138068761 0 0 0 0 0 0 0 0 0 0 -1.9739315971961 0 0.952783608127213 0 0 0 0 0 -0.574384064059577 0 0.10907481636735 0 0
0 0 -0.171858615873992 0 0 0 0 0 0 0.617467383379305 1.13228660854122 0 0 -0.978121877766554 -2.24789538230994 0 0 0 0 0 0 0 0 0 0 0 -1.30729697280204 0 0 0 0 -0.226254661046968 0 -0.137169222253148 0 0 0 0 0 0 0 0 0 0 0 0.69858372505599 0 0 0 1.84895135359188 0 0 0 0
0 -0.171858615873992 0 0 0 0 -0.688967731171017 0 0 0 0 -0.509567857484202 0 0 -0.673386270061475 0 0 0 0 0 -0.402429323334032 3.17694661807564 0 0 0 0 0 0 0 0 0 0 0 0 -0.855411084246931 -0.179100972448564 0 -0.610161813438035 0 0 0.983352213237779 -0.464887045715253 0 0 0 0 0 0 0 0 0 0 0 -0.860869703573798
0 0 0 0 0 0 0 0 0 0 0 0 0.842681322839066 0 0 0 0 0 0 0 0 0 0 0 0 0 -0.446260774515453 0 -0.629215226871617 0 0 0 0 0 -1.11031338529681 0 -0.863288831004942 0 0 0 0 0 0.0926980890954831 0 0 0.7822130637387 0 1.48368135050009 0 0 0 0 0 -0.237325257392347
0.540887252539659 0 0 0 0 0 0 0 0 0 0 0 0 0 0 0 -0.923877458191914 -1.04584416704108 0 0 0 0 0 0 0 0 -0.485714934267115 -0.745722057621931 0 0 0 1.48065417664399 0 0 0 0 -0.278954582449023 0 0 0.551542974279397 0 0 0 0 0 0 0 0 -0.139542070100368 -0.770449886315158 0 0 0 0
0 0 0 0 0 0 0 0 -0.373491953430719 0 0 0 0 0 3.41370007724565 0 0 0 0 0 0 0 0 0 0 -0.954904428957108 0 0 0 0 -0.505578077178663 0 0.816243325927935 0 0 2.88016561393708 0 -0.136515620937778 0 -0.467182517316459 -0.0307870989528234 0 0 0 0 0 0 -1.05541593289109 0 0 0 -0.77369349941665 0 0
0 0 -0.688967731171017 0 0 0 0 0.359769334136011 -2.21710370558599 0 0 0.889283516963162 0 0 0 0 0 0 1.70855426358745 0 0 0 0 0 0 0 0 0 0 0.609536227500136 0 0 -0.0658979816528052 0 0 0.133480823716245 0 0 0 0 0 0 0 0 0 0 0 0 0 0.92519282098997 0 0 -0.333385338428044 0
0 0 0 0 0 0 0.359769334136011 0 0 0 0 0 0.844032125455935 0 0 0 0 0 0 0 0 0 0 0 0 0 0 0 0 1.28108828920363 0 0 0 0 0 0 0 0 0 0 0 0 0 0 0 -1.30798620660829 0 0 0 0 0 0 0 0
0 0 0 0 0 -0.373491953430719 -2.21710370558599 0 0 -1.47974486463661 0 0 -1.74649469453257 0 0 0 0 0 0 -0.827629966120558 0 0 0 0 0 0 0 0 0 -0.293625698375024 0 0 0 0 -0.243624266896617 1.51994892613104 0 0 0 0 0 0 -0.15328024246722 0 0.868745061240647 0 0 -0.0699530080338199 0 0 1.36184199884398 -0.0913971221674219 0 0
-0.542291262308638 0.617467383379305 0 0 0 0 0 0 -1.47974486463661 0 0 0 0 0.202048135538113 0.75358310409653 0 0 0 0 -1.15815668985934 0 0 0 0 0 0 -1.07774481389654 0 0 0 0 -0.855668821467712 0 0.949328378563495 0 0 0 -0.249450086599582 -0.00264342913356554 0 0 0 2.15208171661619 0 0 0 0 0 0 0 0 0 0 0
0 1.13228660854122 0 0 0 0 0 0 0 0 0 0 0 0 0 0.098124414088787 0 0 0 -0.395003047394753 0 0 0 0 0 -1.27798873537309 -0.765736605688253 0 0 0 0 0 0 0 0 0.880387387301582 -1.24237009624874 0 0 -0.603896189534731 0.580009169006705 0 0 0 0 0 0 0 0 0 0 -0.0544799107666086 0 0.233075693846533
0 0 -0.509567857484202 0 0 0 0.889283516963162 0 0 0 0 0 0 0 0 0 0 0 0.456505223371067 0 0 0 0 0 0 0 0 0 0 0 0 0.775616758532055 0.273473920752025 -0.759166636551557 0 0 0 -1.3353055920633 0 0 0 0 -1.08243341401647 0 -0.891529789482566 0 0 -0.49753460514871 0 0 0 0 0 0
0 0 0 0.842681322839066 0 0 0 0.844032125455935 -1.74649469453257 0 0 0 0 0 0 1.81209781711087 0 0 0 1.3905998200255 0 0 0 0 0 0 0 0 0 0 0.632431378687569 0 0 0 0.956466786678931 0 0 0.0784337228899659 0 0 0 0 0 -0.0197993664266234 0 0 0 1.52656323799527 0 0 -0.0535751215060964 0 -0.18598885674143 0
0 -0.978121877766554 0 0 0 0 0 0 0 0.202048135538113 0 0 0 0 0 0 0 0 0 0 0 -1.39359752718074 0 0 0 0 0 0 0 0 0 0.379422798470082 0 0 0 0 0 0 0 0 0.545655687142441 0 0 0 0 0 0 0 0 0 0 0.977524728071258 0 0
0 -2.24789538230994 -0.673386270061475 0 0 3.41370007724565 0 0 0 0.75358310409653 0 0 0 0 0 0 0 1.01676840092281 0 0 -0.96406667716653 -0.560328046619576 0 -1.87054694700407 0 0 1.14968258716792 0 0 1.03952802626815 0 -0.533919273376283 0 -0.197245814750536 0 0 0 -1.71330748036527 0 0 0 0 0 0 0 0 0 0 0 0 0 0.834178236659641 0 0
0 0 0 0 0 0 0 0 0 0 0.098124414088787 0 1.81209781711087 0 0 0 0 0 0 0 0 0 0.326041192774272 0 -0.566463887667985 0 0 0 0 0 0 0 0 0 0 0 0 2.27595521462248 0 0 0 0 0 0 0 0 0 0 0 0 0 0 0 0
0 0 0 0 -0.923877458191914 0 0 0 0 0 0 0 0 0 0 0 0 0 0 0 0 0 0.339690916219017 0 0 1.49579286154088 0.168059747178533 0 0 0 0 0 0.653104752862442 0 0 0 0 0 -0.903976594476278 0 0 0 0 0 0 0 0 0 0 0 0 0 0 0
0 0 0 0 -1.04584416704108 0 0 0 0 0 0 0 0 0 1.01676840092281 0 0 0 0 0 0 0 0 -0.356318405159826 0 0 0 1.27730760389847 0 -0.47124781423058 0 0 0 0.546870069203386 0 0 -0.458459438311003 0 0 0 0 0 0 1.58896487309627 0.289609298393785 0 0 0 0 0 0 0 0 0.23173665077311
0 0 0 0 0 0 1.70855426358745 0 0 0 0 0.456505223371067 0 0 0 0 0 0 0 0 0 0 0 0 0 0 0.903418477358793 0 -0.91610303862085 0 0 0 0 0 0 0 0 0.632912630942571 0 0 0 0 0 0.770326110807424 0 0 0 0 0 0 0 0 0 0.257886589944031
0 0 0 0 0 0 0 0 -0.827629966120558 -1.15815668985934 -0.395003047394753 0 1.3905998200255 0 0 0 0 0 0 0 0 0 0 0 0 0 0 0 0 0 -0.402566031286372 0 1.73430074079458 0 0 0 0 0 0 -1.18273279457303 0 0 0 -0.298306959078456 0 -1.02806340336137 0.839452261023678 0 0 0 0 0 0 0
0 0 -0.402429323334032 0 0 0 0 0 0 0 0 0 0 0 -0.96406667716653 0 0 0 0 0 0 0 0 0 0 0 0 0 0 1.26255728724722 0 0 0 0 0 0 0 0 0 0 0 0 0 0 0 0 0 0.672505991125721 -0.491515507929235 0 0.340372596245745 0 -0.928123209927757 0
0.578797677867257 0 3.17694661807564 0 0 0 0 0 0 0 0 0 0 -1.39359752718074 -0.560328046619576 0 0 0 0 0 0 0 0 0 -1.39616882201396 0 0 0.21458389328269 0 0 0 0 0 0 1.94562777972276 0 0 0 0.497171265265478 0 0 0 -2.45512517820429 0 -1.19510449150697 0 0 0 0.871954411135686 0 0 0 0 1.24056109242129
0 0 0 0 0 0 0 0 0 0 0 0 0 0 0 0.326041192774272 0.339690916219017 0 0 0 0 0 0 0 0 0 0 0 -0.111543239864171 0 0.575628357455749 0 -1.03979940960829 0 0 0 0 0 1.34944794436423 0 0 0 0 0.510875032164812 -0.273027677285108 0 0 0 0 0 0 0 0.730070543826411 0
0.0678771836756959 0 0 0 0 0 0 0 0 0 0 0 0 0 -1.87054694700407 0 0 -0.356318405159826 0 0 0 0 0 0 0 0 -0.621164610365498 0 0 0 0 0 0 -0.281851060638089 -1.32222643316097 0 0 0 0 0 0 0 0 0 -1.45570876671153 0 0 -0.351198746356553 0.121206946839625 0.539096891645793 0 0 0 0
0 0 0 0 0 0 0 0 0 0 0 0 0 0 0 -0.566463887667985 0 0 0 0 0 -1.39616882201396 0 0 0 0 0 0 0 0 -0.0461776773256399 0 -2.41105474534277 0 0 -1.47587414405892 0 0 0 0 0.603174165278797 1.23841072879887 0 0 0 0 0 0 0 -0.327065021395546 0 1.7249638315022 0 0
0 0 0 0 0 -0.954904428957108 0 0 0 0 -1.27798873537309 0 0 0 0 0 1.49579286154088 0 0 0 0 0 0 0 0 0 0 0.27405952245861 0 0 -1.30864141764669 0.727740183525061 0 0 -0.429185189105342 0 0 0.480683759625749 0 0 0 0 -0.0896066360732781 0 1.97526532218023 0 -0.264300694468227 0 0 0 0 0 0 -0.324748893104543
0 -1.30729697280204 0 -0.446260774515453 -0.485714934267115 0 0 0 0 -1.07774481389654 -0.765736605688253 0 0 0 1.14968258716792 0 0.168059747178533 0 0.903418477358793 0 0 0 0 -0.621164610365498 0 0 0 0 0 0 0 0 -0.474910464751045 0 0 0 0 0 0.471209830079178 0 0 -0.222615468318851 0 0 0 0 0 0 0.0850673599367952 0 0.147899604167078 0 0 0
0 0 0 0 -0.745722057621931 0 0 0 0 0 0 0 0 0 0 0 0 1.27730760389847 0 0 0 0.21458389328269 0 0 0 0.27405952245861 0 0 0 0 0 0 0 0 0 0 0 0 0 0 0 0 -0.517787116646238 0 0 0 0.806329916048072 0 0 0 0 0 -1.5740855962599 0
0 0 0 -0.629215226871617 0 0 0 0 0 0 0 0 0 0 0 0 0 0 -0.91610303862085 0 0 0 -0.111543239864171 0 0 0 0 0 0 0 0 0 0 0.480119940856531 0 -0.372345775720306 0 0 0 0 0 0 0 0 0 -1.322783467522 0 0.766092036865205 -0.344271635760518 0 0 0 0 0
0 0 0 0 0 0 0.609536227500136 1.28108828920363 -0.293625698375024 0 0 0 0 0 1.03952802626815 0 0 -0.47124781423058 0 0 1.26255728724722 0 0 0 0 0 0 0 0 0 0 0 0 0 -1.74034867556866 0 0 0.464710686784811 0 0 0 0 0 0 0 0.0433204610667987 0 0 0 0 0 0 0 0
0.422649138068761 0 0 0 0 -0.505578077178663 0 0 0 0 0 0 0.632431378687569 0 0 0 0 0 0 -0.402566031286372 0 0 0.575628357455749 0 -0.0461776773256399 -1.30864141764669 0 0 0 0 0 0 0 0 0 0 0 0 -0.801032632613051 0 0 -0.649949779551825 0 0 -0.3486359839813 0 0 0 0 0.48008746476827 0 0.437778831684618 0 0
0 -0.226254661046968 0 0 1.48065417664399 0 0 0 0 -0.855668821467712 0 0.775616758532055 0 0.379422798470082 -0.533919273376283 0 0 0 0 0 0 0 0 0 0 0.727740183525061 0 0 0 0 0 0 0 0 -0.214264007284549 0 0 0 0 0 0 0 0.996154036220279 0 0 0 0 0 0 0 0 0 0 0
0 0 0 0 0 0.816243325927935 -0.0658979816528052 0 0 0 0 0.273473920752025 0 0 0 0 0.653104752862442 0 0 1.73430074079458 0 0 -1.03979940960829 0 -2.41105474534277 0 -0.474910464751045 0 0 0 0 0 0 0 0 0 0 0.198128934802839 0 0 0 0 0 0 0 0 0 0 0 0 0 0 0 -0.304198945525395
0 -0.137169222253148 0 0 0 0 0 0 0 0.949328378563495 0 -0.759166636551557 0 0 -0.197245814750536 0 0 0.546870069203386 0 0 0 0 0 -0.281851060638089 0 0 0 0 0.480119940856531 0 0 0 0 0 0 0 0 0 -1.07819471533403 -1.29074089834018 0 0 -1.3451961776348 -0.341539558983564 0 0 0 0 0 0 0 0 0 0
0 0 -0.855411084246931 -1.11031338529681 0 0 0 0 -0.243624266896617 0 0 0 0.956466786678931 0 0 0 0 0 0 0 0 1.94562777972276 0 -1.32222643316097 0 -0.429185189105342 0 0 0 -1.74034867556866 0 -0.214264007284549 0 0 0 0.987487119112165 0 0 0 0 0.503037376552999 0 0 0 0 0 0 -0.221596450880118 0.38009141301146 0 0 0 0 0.114090330083864
0 0 -0.179100972448564 0 0 2.88016561393708 0.133480823716245 0 1.51994892613104 0 0.880387387301582 0 0 0 0 0 0 0 0 0 0 0 0 0 -1.47587414405892 0 0 0 -0.372345775720306 0 0 0 0 0 0.987487119112165 0 0 0 0 0 0 0 0 0 0.0178008389978631 0 0 0.205662347414069 0 -0.421757367404482 1.4289711902614 0 0.925775659988886 1.43534987109777
0 0 0 -0.863288831004942 -0.278954582449023 0 0 0 0 0 -1.24237009624874 0 0 0 0 0 0 -0.458459438311003 0 0 0 0 0 0 0 0 0 0 0 0 0 0 0 0 0 0 0 0 0.498481572894638 0 0 0 0 0 0 0 0 0 0 0 -0.18636712313255 0 0 1.43702627627756
0 0 -0.610161813438035 0 0 -0.136515620937778 0 0 0 -0.249450086599582 0 -1.3353055920633 0.0784337228899659 0 -1.71330748036527 2.27595521462248 0 0 0.632912630942571 0 0 0 0 0 0 0.480683759625749 0 0 0 0.464710686784811 0 0 0.198128934802839 0 0 0 0 0 0 0 0 0 0 -1.8141242188628 -1.34486316486961 -0.108511467173275 0 0 0 0 0 0 0 0
0 0 0 0 0 0 0 0 0 -0.00264342913356554 0 0 0 0 0 0 -0.903976594476278 0 0 0 0 0.497171265265478 1.34944794436423 0 0 0 0.471209830079178 0 0 0 -0.801032632613051 0 0 -1.07819471533403 0 0 0.498481572894638 0 0 0 0 0 0 0 0.943900054659896 -1.69411822407632 -1.02939513360149 0 0 1.40456015304544 1.05042170345357 0 0 0
0 0 0 0 0.551542974279397 -0.467182517316459 0 0 0 0 -0.603896189534731 0 0 0 0 0 0 0 0 -1.18273279457303 0 0 0 0 0 0 0 0 0 0 0 0 0 -1.29074089834018 0 0 0 0 0 0 0 0 0 0 0 0 0 0.959309367233646 0 0 0 0 0 0
0 0 0.983352213237779 0 0 -0.0307870989528234 0 0 0 0 0.580009169006705 0 0 0.545655687142441 0 0 0 0 0 0 0 0 0 0 0.603174165278797 0 0 0 0 0 0 0 0 0 0.503037376552999 0 0 0 0 0 0 0 0 0 1.64777922897824 0 0 0 0 0.607586796603601 0 0 0 0
-1.9739315971961 0 -0.464887045715253 0 0 0 0 0 0 0 0 0 0 0 0 0 0 0 0 0 0 0 0 0 1.23841072879887 0 -0.222615468318851 0 0 0 -0.649949779551825 0 0 0 0 0 0 0 0 0 0 0 0 0 0 0 0 0 0 0 0.696211948340571 0 0 0.30945054120203
0 0 0 0.0926980890954831 0 0 0 0 -0.15328024246722 2.15208171661619 0 -1.08243341401647 0 0 0 0 0 0 0 0 0 -2.45512517820429 0 0 0 -0.0896066360732781 0 -0.517787116646238 0 0 0 0.996154036220279 0 -1.3451961776348 0 0 0 0 0 0 0 0 0 0 0 0.128362831143451 0 -0.814366492708742 -2.18510831819036 0 0 0 0 0
0.952783608127213 0 0 0 0 0 0 0 0 0 0 0 -0.0197993664266234 0 0 0 0 1.58896487309627 0.770326110807424 -0.298306959078456 0 0 0.510875032164812 0 0 0 0 0 0 0 0 0 0 -0.341539558983564 0 0 0 -1.8141242188628 0 0 0 0 0 0 0 0 0.289103343477478 0 0 0 -1.84456520374835 0 0 -0.074276505762406
0 0 0 0 0 0 0 0 0.868745061240647 0 0 -0.891529789482566 0 0 0 0 0 0.289609298393785 0 0 0 -1.19510449150697 -0.273027677285108 -1.45570876671153 0 1.97526532218023 0 0 0 0 -0.3486359839813 0 0 0 0 0.0178008389978631 0 -1.34486316486961 0.943900054659896 0 1.64777922897824 0 0 0 0 0 0 2.12274273079517 0 -0.903318808357552 -2.22077980629438 0 0 0
0 0.69858372505599 0 0.7822130637387 0 0 0 -1.30798620660829 0 0 0 0 0 0 0 0 0 0 0 -1.02806340336137 0 0 0 0 0 0 0 0 -1.322783467522 0.0433204610667987 0 0 0 0 0 0 0 -0.108511467173275 -1.69411822407632 0 0 0 0.128362831143451 0 0 0 0 0 0 0 0 0 0 0
0 0 0 0 0 0 0 0 0 0 0 0 0 0 0 0 0 0 0 0.839452261023678 0 0 0 0 0 -0.264300694468227 0 0.806329916048072 0 0 0 0 0 0 0 0 0 0 -1.02939513360149 0 0 0 0 0.289103343477478 0 0 0 0 0 0 0 0 0.08123355827507 0
0 0 0 1.48368135050009 0 -1.05541593289109 0 0 -0.0699530080338199 0 0 -0.49753460514871 1.52656323799527 0 0 0 0 0 0 0 0.672505991125721 0 0 -0.351198746356553 0 0 0 0 0.766092036865205 0 0 0 0 0 -0.221596450880118 0.205662347414069 0 0 0 0.959309367233646 0 0 -0.814366492708742 0 2.12274273079517 0 0 0 0 0 2.13808536977014 0 0 0
0 0 0 0 -0.139542070100368 0 0 0 0 0 0 0 0 0 0 0 0 0 0 0 -0.491515507929235 0.871954411135686 0 0.121206946839625 0 0 0.0850673599367952 0 -0.344271635760518 0 0 0 0 0 0.38009141301146 0 0 0 0 0 0 0 -2.18510831819036 0 0 0 0 0 0 -0.173217412640103 0 0 0 0
-0.574384064059577 1.84895135359188 0 0 -0.770449886315158 0 0.92519282098997 0 0 0 0 0 0 0 0 0 0 0 0 0 0 0 0 0.539096891645793 -0.327065021395546 0 0 0 0 0 0.48008746476827 0 0 0 0 -0.421757367404482 0 0 1.40456015304544 0 0.607586796603601 0 0 0 -0.903318808357552 0 0 0 -0.173217412640103 0 0 0 -0.825007856402641 0
0 0 0 0 0 0 0 0 1.36184199884398 0 0 0 -0.0535751215060964 0 0 0 0 0 0 0 0.340372596245745 0 0 0 0 0 0.147899604167078 0 0 0 0 0 0 0 0 1.4289711902614 -0.18636712313255 0 1.05042170345357 0 0 0.696211948340571 0 -1.84456520374835 -2.22077980629438 0 0 2.13808536977014 0 0 0 0 0 0
0.10907481636735 0 0 0 0 -0.77369349941665 0 0 -0.0913971221674219 0 -0.0544799107666086 0 0 0.977524728071258 0.834178236659641 0 0 0 0 0 0 0 0 0 1.7249638315022 0 0 0 0 0 0.437778831684618 0 0 0 0 0 0 0 0 0 0 0 0 0 0 0 0 0 0 0 0 0 0 0
0 0 0 0 0 0 -0.333385338428044 0 0 0 0 0 -0.18598885674143 0 0 0 0 0 0 0 -0.928123209927757 0 0.730070543826411 0 0 0 0 -1.5740855962599 0 0 0 0 0 0 0 0.925775659988886 0 0 0 0 0 0 0 0 0 0 0.08123355827507 0 0 -0.825007856402641 0 0 0 -0.951882233059462
0 0 -0.860869703573798 -0.237325257392347 0 0 0 0 0 0 0.233075693846533 0 0 0 0 0 0 0.23173665077311 0.257886589944031 0 0 1.24056109242129 0 0 0 -0.324748893104543 0 0 0 0 0 0 -0.304198945525395 0 0.114090330083864 1.43534987109777 1.43702627627756 0 0 0 0 0.30945054120203 0 -0.074276505762406 0 0 0 0 0 0 0 0 -0.951882233059462 0
